0.0,99.0,302.0,560.0,699.0,-0.8094789981842041,0.730299711227417,6.743705749511719,4.476197242736816,1.581733226776123,1.856783151626587,4.616737365722656
0.0,716.0,311.0,841.0,356.0,12.228769302368164,0.6559009552001953,45.85403823852539,4.688339710235596,1.785326361656189,2.0163912773132324,3.2116687297821045
0.0,579.0,325.0,922.0,529.0,2.3958311080932617,0.8903031349182129,11.191800117492676,4.433078289031982,1.5915000438690186,1.840988039970398,4.5705671310424805
0.0,253.0,300.0,439.0,465.0,-1.8781166076660156,0.6884903907775879,14.224580764770508,4.648891448974609,1.7497622966766357,1.985720157623291,4.518209934234619
1.0,-65.0,289.0,65.0,339.0,-36.849082946777344,-0.2205066680908203,85.42019653320312,8.82533073425293,3.71394944190979,3.085336208343506,6.065920352935791
0.0,666.0,313.0,801.0,359.0,9.217742919921875,0.6597442626953125,40.74946594238281,4.705023288726807,1.638706922531128,1.9984817504882812,6.471616268157959
0.0,685.0,315.0,812.0,359.0,10.734416961669922,0.7811031341552734,44.827457427978516,4.7281999588012695,1.719523310661316,2.023653507232666,3.2437386512756348
0.0,466.0,301.0,575.0,341.0,1.9801177978515625,0.18964576721191406,54.88215637207031,5.270887851715088,1.954211950302124,2.1797163486480713,3.185729742050171
0.0,235.0,303.0,461.0,506.0,-1.5165495872497559,0.7364709377288818,11.823695182800293,4.609179496765137,1.7100547552108765,1.9334577322006226,4.541733741760254
0.0,600.0,330.0,820.0,485.0,3.201904773712158,1.0289435386657715,14.73709487915039,4.483801364898682,1.6579405069351196,1.8951072692871094,5.1407952308654785
1.0,-46.0,288.0,85.0,340.0,-33.71951675415039,-0.24988365173339844,81.43885803222656,8.342273712158203,3.688835859298706,3.0438973903656006,6.220364093780518
