0.0,202.0,328.0,328.0,401.0,-4.748383522033691,1.0289368629455566,25.467315673828125,4.7156829833984375,1.4667812585830688,1.8776593208312988,1.5961543321609497
0.0,709.0,329.0,846.0,405.0,6.682374000549316,1.0866589546203613,25.292930603027344,4.528571605682373,1.5078961849212646,1.8862367868423462,4.707670211791992
0.0,121.0,319.0,245.0,388.0,-7.340626239776611,0.8843955993652344,28.079469680786133,4.607159614562988,1.5917325019836426,1.9213124513626099,1.5695141553878784
0.0,329.0,313.0,395.0,357.0,-4.329985618591309,0.6818037033081055,42.13368606567383,4.463011741638184,1.5653091669082642,1.8683316707611084,1.6103488206863403
0.0,544.0,319.0,649.0,392.0,2.7140398025512695,0.8623604774475098,26.46757698059082,4.576088905334473,1.569807529449463,1.931509256362915,4.692552089691162
0.0,504.0,314.0,529.0,333.0,3.373981475830078,0.6134700775146484,95.61815643310547,4.728659629821777,1.6058214902877808,2.0134053230285645,4.766364097595215
0.0,205.0,327.0,324.0,398.0,-4.951870441436768,1.0359835624694824,26.417255401611328,4.669814586639404,1.4986648559570312,1.8425931930541992,1.5972799062728882
0.0,652.0,315.0,701.0,350.0,9.4473876953125,0.7624139785766602,53.0347785949707,4.6020708084106445,1.5933270454406738,1.929410457611084,4.807644367218018
0.0,463.0,314.0,491.0,336.0,-0.11751174926757812,0.6544227600097656,84.25714874267578,4.7193145751953125,1.5761048793792725,2.0144026279449463,4.686288833618164
0.0,886.0,305.0,988.0,338.0,23.96024513244629,0.3038158416748047,58.06902313232422,4.569801330566406,1.6902209520339966,1.969254493713379,3.2217636108398438
0.0,669.0,318.0,754.0,371.0,7.733983993530273,0.9000244140625,37.15639114379883,4.724097728729248,1.647446632385254,1.9774353504180908,4.745367050170898
6.0,357.0,311.0,450.0,381.0,-1.8940820693969727,0.7506437301635742,28.50733757019043,2.2415475845336914,1.7746087312698364,0.8873603940010071,3.27474045753479
0.0,828.0,308.0,922.0,338.0,21.64359474182129,0.39522552490234375,60.54134750366211,4.451329231262207,1.592544436454773,1.9390634298324585,3.084774971008301
7.0,789.0,308.0,820.0,371.0,9.207740783691406,0.645721435546875,31.277891159057617,0.7207433581352234,1.7483938932418823,0.6764035820960999,4.7284932136535645
7.0,425.0,309.0,440.0,342.0,-2.4690322875976562,0.5264606475830078,60.92747116088867,1.454274296760559,1.7868965864181519,0.6601448655128479,4.795403480529785
0.0,539.0,316.0,566.0,337.0,5.4352874755859375,0.7571620941162109,81.13186645507812,4.640893936157227,1.5147193670272827,1.956621527671814,4.764889240264893
0.0,706.0,327.0,846.0,408.0,6.407045364379883,1.0445079803466797,24.38180160522461,4.425753593444824,1.5783003568649292,1.8709752559661865,4.710294246673584
7.0,787.0,308.0,818.0,369.0,9.530287742614746,0.6496267318725586,32.63251495361328,0.7342147827148438,1.7571470737457275,0.6809948086738586,4.686895370483398
