3.0,247.0,279.0,348.0,352.0,-7.640018463134766,-0.06104278564453125,48.43492126464844,11.74725341796875,2.8062942028045654,2.8551933765411377,1.5394306182861328
7.0,630.0,292.0,686.0,400.0,3.0272140502929688,0.4745950698852539,18.911865234375,0.7779437303543091,1.7894532680511475,0.7622887492179871,4.614801406860352
7.0,525.0,309.0,591.0,428.0,1.134139060974121,0.7129340171813965,16.008872985839844,0.7609221339225769,1.6658040285110474,0.6196566224098206,6.798981189727783
7.0,114.0,296.0,143.0,357.0,-10.662088394165039,0.27335071563720703,33.83963394165039,0.6454847455024719,1.8405392169952393,0.6325281858444214,1.6338119506835938
7.0,36.0,299.0,71.0,363.0,-12.367134094238281,0.39987945556640625,32.346778869628906,0.7335696220397949,1.817080020904541,0.7027756571769714,4.835718154907227
7.0,404.0,307.0,419.0,331.0,-5.415306091308594,0.1365070343017578,89.10641479492188,0.9836219549179077,1.8872547149658203,0.7313812971115112,3.7905890941619873
7.0,134.0,300.0,160.0,357.0,-10.5062255859375,0.3562946319580078,35.18332290649414,0.602116048336029,1.7951539754867554,0.6193042993545532,1.6612392663955688
7.0,118.0,296.0,145.0,357.0,-10.827316284179688,0.28979969024658203,34.659786224365234,0.6416588425636292,1.8573715686798096,0.6212882399559021,1.6384037733078003
0.0,476.0,304.0,502.0,327.0,0.8294143676757812,-0.13694000244140625,92.56000518798828,4.639638423919678,1.8418011665344238,1.9976454973220825,4.744299411773682
7.0,524.0,295.0,597.0,437.0,1.04644775390625,0.6021356582641602,14.257807731628418,0.8099411725997925,1.7615185976028442,0.6866615414619446,3.416138172149658
