8.0,353.0,364.0,382.0,413.0,-2.7490406036376953,1.702629566192627,26.821992874145508,0.5832452774047852,1.1516495943069458,0.639576256275177,4.683684349060059
8.0,384.0,363.0,407.0,403.0,-2.4058923721313477,1.811676025390625,30.97291374206543,0.525021493434906,1.0806043148040771,0.618557333946228,4.660151958465576
8.0,687.0,362.0,711.0,409.0,4.931023597717285,1.5288805961608887,25.126855850219727,0.41395890712738037,1.0417476892471313,0.45876556634902954,1.5346735715866089
8.0,275.0,367.0,329.0,446.0,-2.8305611610412598,1.389695167541504,17.518980026245117,0.7861770391464233,1.1827911138534546,0.7047831416130066,4.740649700164795
8.0,426.0,353.0,446.0,386.0,-1.7219867706298828,1.9536209106445312,42.007179260253906,0.6452877521514893,1.2074365615844727,0.7357499003410339,1.51305091381073
8.0,101.0,391.0,189.0,495.0,-3.5786280632019043,1.318781852722168,11.846810340881348,0.7272233366966248,1.024856448173523,0.6535766124725342,4.843839168548584
8.0,748.0,405.0,795.0,479.0,3.0051512718200684,1.280832290649414,11.498245239257812,0.35778212547302246,0.7252967357635498,0.35736149549484253,1.3717303276062012
8.0,750.0,406.0,792.0,477.0,3.1841907501220703,1.3524696826934814,12.195991516113281,0.33724910020828247,0.7290013432502747,0.33715081214904785,1.3919962644577026
0.0,655.0,332.0,695.0,364.0,11.039079666137695,1.6947784423828125,63.52510070800781,4.515258312225342,1.6854866743087769,1.955990195274353,4.823406219482422
8.0,687.0,362.0,711.0,408.0,4.813470840454102,1.4886765480041504,24.544179916381836,0.37853914499282837,0.9958035945892334,0.4382421374320984,1.5299530029296875
8.0,307.0,367.0,339.0,422.0,-3.180419921875,1.5341053009033203,22.243125915527344,0.5036383271217346,1.0627142190933228,0.5681917667388916,4.71225643157959
8.0,453.0,353.0,468.0,379.0,-0.89678955078125,2.0873489379882812,47.83940505981445,0.5722782015800476,1.0902854204177856,0.6152516007423401,4.713349342346191
8.0,689.0,364.0,712.0,406.0,5.13087272644043,1.5725021362304688,26.01211166381836,0.3975966274738312,0.9564076066017151,0.4551747143268585,1.569619059562683
8.0,457.0,352.0,470.0,376.0,-0.8005161285400391,2.0497636795043945,49.602909088134766,0.5584219694137573,1.061019778251648,0.5664694309234619,4.6988325119018555
8.0,428.0,355.0,445.0,385.0,-1.749380111694336,2.0206708908081055,43.24049758911133,0.6333140730857849,1.1205493211746216,0.6264507174491882,4.6927056312561035
8.0,314.0,368.0,341.0,419.0,-3.2331976890563965,1.594186782836914,23.339792251586914,0.5348827838897705,1.0359642505645752,0.5215457081794739,4.67622709274292
8.0,815.0,345.0,834.0,397.0,7.8662519454956055,1.209153652191162,25.434165954589844,0.34970933198928833,1.172306776046753,0.3988873064517975,1.7661008834838867
8.0,297.0,367.0,334.0,429.0,-3.0519771575927734,1.4745488166809082,20.43842315673828,0.5637246966362,1.1035722494125366,0.5901225805282593,4.728417873382568
8.0,446.0,355.0,461.0,381.0,-1.1726398468017578,2.1013174057006836,46.62238311767578,0.5479762554168701,1.0803706645965576,0.5738908052444458,4.724887847900391
0.0,597.0,330.0,630.0,357.0,8.626720428466797,1.665018081665039,72.96247863769531,4.665923118591309,1.6775856018066406,2.038024663925171,4.805992126464844
8.0,108.0,391.0,187.0,495.0,-3.7243611812591553,1.3774516582489014,12.400081634521484,0.7167378664016724,1.0772680044174194,0.5994701385498047,4.867470741271973
8.0,450.0,352.0,468.0,380.0,-0.9346523284912109,1.9914426803588867,45.87594223022461,0.5994374752044678,1.1520618200302124,0.6973050832748413,4.647820949554443
8.0,667.0,356.0,681.0,383.0,6.821779251098633,1.8296966552734375,39.27556228637695,0.3955082595348358,0.9414165616035461,0.45374348759651184,4.851285934448242
8.0,814.0,353.0,833.0,400.0,7.6727752685546875,1.3100390434265137,24.883142471313477,0.3241356909275055,1.0321364402770996,0.3755488693714142,1.7457548379898071
8.0,502.0,346.0,512.0,363.0,1.5157108306884766,2.1656436920166016,66.144287109375,0.6231610178947449,1.0183175802230835,0.5411468148231506,4.784976959228516
8.0,344.0,366.0,373.0,414.0,-2.8671321868896484,1.6822867393493652,25.905061721801758,0.5988671779632568,1.075303077697754,0.6212332248687744,4.718583583831787
8.0,357.0,365.0,382.0,409.0,-2.8322763442993164,1.7551383972167969,28.059553146362305,0.5428783893585205,1.0801969766616821,0.5828755497932434,4.701666831970215
8.0,444.0,353.0,462.0,382.0,-1.1550884246826172,2.0201330184936523,45.351158142089844,0.5873243808746338,1.183700680732727,0.6929129362106323,4.648633003234863
8.0,648.0,343.0,663.0,369.0,7.176362991333008,1.5583581924438477,45.7958984375,0.5376015305519104,1.0636646747589111,0.5814706683158875,4.800561904907227
4.0,-413.0,223.0,261.0,534.0,-7.54777193069458,0.6558442115783691,18.648637771606445,12.851944923400879,3.384766101837158,2.8598668575286865,4.905569553375244
8.0,665.0,354.0,680.0,381.0,6.906078338623047,1.8025856018066406,40.026363372802734,0.46486160159111023,0.95318204164505,0.5139971971511841,4.828846454620361
8.0,885.0,356.0,907.0,419.0,8.056944847106934,1.350949764251709,21.555938720703125,0.33013269305229187,1.198085904121399,0.3578036427497864,1.726619005203247
8.0,498.0,345.0,508.0,364.0,1.2825660705566406,2.1614036560058594,65.67252349853516,0.6519603729248047,1.0558993816375732,0.5644287467002869,4.780421733856201
2.0,798.0,254.0,1037.0,493.0,5.2139458656311035,0.6049561500549316,13.698180198669434,3.201369524002075,2.6021058559417725,1.7278519868850708,1.582228183746338
8.0,327.0,368.0,354.0,416.0,-3.194518566131592,1.677609920501709,25.158294677734375,0.5910943150520325,1.0570805072784424,0.5348939895629883,1.5687806606292725
