0.0,112.0,331.0,337.0,409.0,-5.684141635894775,1.153275489807129,25.304019927978516,4.757392883300781,1.6699310541152954,1.956807255744934,3.076195001602173
0.0,775.0,330.0,999.0,408.0,9.23625659942627,1.1280856132507324,25.510692596435547,4.578065872192383,1.67754065990448,1.9120615720748901,3.322389841079712
3.0,429.0,303.0,514.0,342.0,-0.3771629333496094,0.36030006408691406,88.07391357421875,11.460365295410156,2.902473211288452,2.9733707904815674,1.915053129196167
7.0,38.0,317.0,76.0,386.0,-10.876340866088867,0.8621969223022461,28.597505569458008,0.7265411019325256,1.760564923286438,0.6236470937728882,6.3324456214904785
0.0,583.0,323.0,672.0,385.0,3.946713447570801,0.9138631820678711,30.076494216918945,4.369286060333252,1.5143259763717651,1.7753968238830566,4.701348781585693
7.0,859.0,313.0,955.0,502.0,4.099195957183838,0.8269386291503906,10.679303169250488,0.8130132555961609,1.7384834289550781,0.6949307918548584,6.584064960479736
0.0,589.0,325.0,668.0,379.0,4.55838680267334,0.9974908828735352,34.48109817504883,4.526716709136963,1.5598641633987427,1.8876056671142578,4.722235202789307
0.0,840.0,333.0,947.0,429.0,8.524133682250977,1.1982192993164062,22.872173309326172,4.428925037384033,1.7081767320632935,1.8858046531677246,1.9278932809829712
7.0,860.0,315.0,969.0,508.0,3.987370014190674,0.8291077613830566,10.204784393310547,0.800412118434906,1.7084479331970215,0.6633832454681396,6.415149211883545
7.0,374.0,312.0,413.0,387.0,-2.117255210876465,0.7683930397033691,27.521602630615234,0.840882420539856,1.8361475467681885,0.7056600451469421,6.436771392822266
0.0,554.0,310.0,606.0,359.0,4.22874641418457,0.6571817398071289,47.08617401123047,4.9931817054748535,1.9637144804000854,1.9508682489395142,4.755793571472168
7.0,851.0,314.0,973.0,520.0,3.737248420715332,0.8227946758270264,9.631795883178711,0.8682875633239746,1.7097052335739136,0.6708603501319885,6.450018882751465
7.0,375.0,312.0,411.0,389.0,-1.9815444946289062,0.7499980926513672,25.681447982788086,0.7750185132026672,1.7591230869293213,0.6725593209266663,6.313787460327148
7.0,668.0,313.0,686.0,351.0,9.529853820800781,0.6799755096435547,53.421485900878906,0.7413228750228882,1.838479995727539,0.6817994117736816,4.668656349182129
0.0,373.0,314.0,435.0,357.0,-3.3791065216064453,0.7565288543701172,51.19158935546875,5.204169273376465,1.8680769205093384,2.0692455768585205,1.6601835489273071
7.0,362.0,316.0,426.0,389.0,-2.26273250579834,0.9160375595092773,29.811786651611328,1.4778249263763428,1.9159220457077026,1.0954169034957886,3.3361284732818604
