0.0,716.0,331.0,837.0,404.0,6.743669509887695,1.1164183616638184,25.544540405273438,4.518716335296631,1.4666528701782227,1.8690307140350342,4.782978534698486
0.0,200.0,328.0,328.0,400.0,-4.871671199798584,1.0446763038635254,25.998106002807617,4.768947601318359,1.491308569908142,1.8788303136825562,1.6170284748077393
0.0,125.0,320.0,248.0,386.0,-7.669327259063721,0.921788215637207,29.720069885253906,4.821179389953613,1.6121450662612915,1.934225082397461,1.5875684022903442
0.0,545.0,321.0,647.0,391.0,2.7710342407226562,0.9073185920715332,26.953706741333008,4.583004474639893,1.5291088819503784,1.9438384771347046,4.7015533447265625
0.0,662.0,319.0,752.0,375.0,6.912576675415039,0.8877277374267578,33.975440979003906,4.661437511444092,1.6076399087905884,1.9123528003692627,4.740896224975586
0.0,889.0,303.0,989.0,336.0,24.864521026611328,0.1996326446533203,59.937557220458984,4.627386093139648,1.7606337070465088,1.9657533168792725,3.22294020652771
0.0,506.0,314.0,528.0,331.0,3.6929397583007812,0.6161975860595703,105.15680694580078,4.718557834625244,1.6433751583099365,2.0494580268859863,4.729856014251709
0.0,331.0,313.0,396.0,357.0,-4.558616638183594,0.7306251525878906,45.01575469970703,4.650143146514893,1.6830168962478638,1.9237786531448364,1.6222373247146606
6.0,364.0,310.0,444.0,375.0,-2.0239343643188477,0.7205190658569336,30.62728500366211,2.161189079284668,1.7667546272277832,0.7096079587936401,3.1358225345611572
0.0,667.0,320.0,751.0,370.0,7.720895767211914,0.9423093795776367,37.53461456298828,4.762917518615723,1.5586875677108765,1.9559897184371948,4.734702110290527
0.0,652.0,314.0,701.0,350.0,9.444805145263672,0.7227487564086914,52.963470458984375,4.733453273773193,1.6316404342651367,1.924006700515747,4.809843063354492
0.0,463.0,315.0,490.0,335.0,-0.11278152465820312,0.6925163269042969,88.28422546386719,4.6948981285095215,1.5369768142700195,2.042121410369873,4.6897292137146
0.0,832.0,308.0,925.0,337.0,22.082487106323242,0.34272003173828125,61.25077438354492,4.445192337036133,1.596810221672058,1.9363373517990112,3.059560775756836
0.0,664.0,321.0,750.0,372.0,7.422885894775391,0.9342269897460938,36.35560989379883,4.745919227600098,1.5398402214050293,1.9018046855926514,4.7315568923950195
7.0,427.0,309.0,440.0,343.0,-2.3626575469970703,0.5095233917236328,59.20138168334961,0.971634030342102,1.7943612337112427,0.6442674994468689,1.6035839319229126
