-11.359542053832778,2.135211270938444,26.669528494127945,1.7489080429077148,0.8475865721702576,0.6000000238418579,0.042428433895111084
11.519203537799601,1.4971460163949626,26.610505272101438,1.736363410949707,1.9103598594665527,4.210288047790527,1.5916590690612793
-11.674309871261004,1.4574753403882459,51.91507296830081,1.6430950164794922,2.109569787979126,4.03000020980835,3.1047768592834473
-15.521060540641889,1.451387367744407,38.17557228263878,1.4611568450927734,1.920351505279541,4.279296398162842,-1.6641579866409302
16.51659756944422,-1.1435016745851527,45.293783201892055,1.409999966621399,1.9921400547027588,4.03000020980835,2.6023709774017334
12.1457251098434,-0.5996441113628403,48.47029983521838,1.6148929595947266,2.1873841285705566,4.472324371337891,-0.5405981540679932
18.755344368757896,-1.2411481672412492,43.937014870502864,1.409999966621399,2.071448564529419,4.03000020980835,2.6408753395080566
-4.962059885114722,1.9242563413766263,27.079042360665404,2.220335006713867,2.2545688152313232,6.510340213775635,-2.825984239578247
1.0180534151962053,1.6987328278088385,17.9100590044359,1.7426204681396484,2.091902732849121,4.03000020980835,0.05762644112110138
14.082541075273182,-1.0742566089959702,46.427270364000634,1.409999966621399,1.8321269750595093,4.03000020980835,-0.551979660987854
-16.06567751953536,1.2698611933090729,64.65089807469927,1.7382822036743164,1.8277959823608398,4.03000020980835,3.112138032913208
-17.698443734833035,1.4338887017739834,53.08199957255244,1.409999966621399,1.7400000095367432,4.03000020980835,3.102771759033203
