7.909937560277376,1.8071171167675804,35.09848862954777,3.0,2.757483720779419,12.289819717407227,2.624295473098755
-16.06142307279304,1.259782431951539,44.25096857077965,1.726806640625,0.8425418734550476,1.2900912761688232,-2.6185379028320312
41.071452358508324,2.659049226370639,97.07589975011277,1.8349637985229492,0.8805177211761475,0.7338657379150391,-0.23696376383304596
-11.953927557359194,1.2766588257078406,39.40394951903441,1.8158273696899414,0.6000000238418579,0.8388392925262451,2.076284170150757
-3.205517178675626,2.002747911377681,36.4135984066665,2.1345999240875244,0.6675047874450684,0.6000000238418579,3.103128671646118
48.78037873939964,3.069020610830216,121.5438885217996,2.1345999240875244,1.243499994277954,1.2895896434783936,-0.27337315678596497
43.45511936304304,2.8697739035209295,107.39181242785254,2.119175910949707,0.9388285875320435,1.0065534114837646,2.8508670330047607
43.82148903721646,2.792525135331851,104.30753050095839,1.5831069946289062,0.7413437366485596,0.7846790552139282,-1.799798607826233
46.14728678894884,3.0470597819952916,122.06987500955927,2.060131072998047,1.1403961181640625,0.6360177397727966,-0.2906848192214966
4.3972700148353585,1.6278646835833148,25.332693276210602,1.4932823181152344,1.748253583908081,4.9672532081604,2.363138198852539
1.5972638947191857,1.7021144650870221,27.582478638067183,1.4922199249267578,1.7400000095367432,4.401057243347168,2.3511743545532227
12.666199925797292,1.7685874363445104,36.3840530226834,1.76458740234375,1.7400000095367432,4.6538896560668945,2.7110695838928223
9.229586989569066,1.7017310300197601,30.73927307027754,1.4730730056762695,1.7400000095367432,4.5806169509887695,2.5009331703186035
