16.483861518148604,1.8115647864682058,61.81127067555878,3.0387134552001953,2.7010931968688965,7.332143783569336,-0.06455693393945694
-8.980175753242358,2.0146569595633057,100.07636303073944,2.0754871368408203,2.5471863746643066,4.907176494598389,3.0497162342071533
-12.539966175617641,2.1301132172856927,62.22173237561533,2.2527809143066406,2.470100164413452,5.754299163818359,3.068370819091797
-6.281386832810303,1.8600612947687845,109.16974431879542,1.6899185180664062,2.6957738399505615,7.020100116729736,3.016491651535034
4.751845430414598,1.686779764545711,31.52903649139072,1.6592426300048828,1.7738380432128906,5.702462673187256,-0.03906319662928581
17.419387159237235,1.7682259733695318,77.3888140501308,1.8080272674560547,1.7400000095367432,4.46473503112793,-0.10860542207956314
-0.6859379990193847,1.6795109830202437,76.91086535683554,1.9368438720703125,2.5293800830841064,5.899530410766602,3.0388197898864746
-12.167668747206472,2.1078846570134253,68.56719356957089,1.4339981079101562,1.7400000095367432,4.03000020980835,3.0451183319091797
15.064186812020798,1.8194262525441114,37.33641397449299,1.8678398132324219,2.128788948059082,5.13841438293457,-0.034863248467445374
5.730964431962042,1.6546752040251855,54.4368506350806,1.9027996063232422,1.8285300731658936,4.852626323699951,-0.056935012340545654
-11.385670053344295,2.0882492064538933,79.22490061980807,1.8764476776123047,1.950117826461792,4.9130473136901855,3.025453567504883
20.62218152410872,1.708713114215561,105.82223820428474,2.0143890380859375,1.9144158363342285,4.135195255279541,-0.1426645815372467
18.733226377271116,1.5613734186683654,113.34163946356576,1.8007698059082031,2.087038040161133,4.03000020980835,-0.13275539875030518
-9.847359927794672,2.0296312296576775,89.79596580231792,1.7714080810546875,1.9705185890197754,4.370965957641602,3.001995325088501
13.82043400294642,1.71186967348847,72.14624052444395,1.5254955291748047,1.9717621803283691,4.987682342529297,-0.08753202110528946
18.468424669726524,1.7641285901134163,84.34526764516183,2.0597400665283203,1.958694338798523,4.03000020980835,-0.11614854633808136
-12.539966175617641,2.1301132172856927,62.22173237561533,2.2527809143066406,2.470100164413452,5.754299163818359,3.068370819091797
4.126977150497854,1.5086645873328424,121.17154002722116,1.748281478881836,1.965928316116333,5.625120162963867,2.9996931552886963
-26.35459870017589,2.3759388325440263,111.3631846039998,1.409999966621399,2.0595884323120117,4.03000020980835,-3.019883632659912
15.435365371651585,1.789185171460316,45.98911044065417,1.409999966621399,1.7400000095367432,4.03000020980835,-0.08519250899553299
4.126977150497854,1.5086645873328424,121.17154002722116,1.748281478881836,1.965928316116333,5.625120162963867,2.9996931552886963
15.064186812020798,1.8194262525441114,37.33641397449299,1.8678398132324219,2.128788948059082,5.13841438293457,-0.034863248467445374
