16.910449439701353,2.4119008265415713,66.67947722295627,2.3839783668518066,1.7400000095367432,4.339232921600342,-0.4457751512527466
14.094247011417089,2.291022225796787,61.692335898026094,1.5848605632781982,1.9496116638183594,4.03000020980835,-0.4137952923774719
-8.999987975250843,1.560619504963869,62.093062103273745,1.8559765815734863,1.7400000095367432,4.03000020980835,1.4221560955047607
7.006867308444977,1.9729997073670464,23.883450058131306,1.498152732849121,1.7400000095367432,4.03000020980835,0.0214316975325346
7.276356550590618,1.9732561196869276,18.73463098737307,1.7666912078857422,1.7400000095367432,4.03000020980835,0.013318151235580444
8.352958544046515,2.116261023651004,69.09230303397575,2.2039928436279297,2.1001338958740234,5.76192569732666,2.6880996227264404
15.189976982905826,2.385167230634954,81.93346049520683,1.571631908416748,1.7400000095367432,4.03000020980835,2.6939523220062256
4.48908999060773,1.9133015542887295,62.110794081275664,1.457012414932251,2.382308006286621,4.627852916717529,2.673924684524536
12.02508003244611,2.2746075560283225,76.14732646947147,1.527414321899414,2.1227619647979736,4.03000020980835,2.673281669616699
1.2678340039091698,1.8205178016910373,56.294556289962806,1.4888916015625,2.0350289344787598,4.631121635437012,2.6494767665863037
