-0.5790808184423302,-0.03953619186644364,50.080849796880514,1.0701427459716797,0.5,1.5,-2.2438039779663086
36.04632554014664,0.1964877723244025,-1.3376888930200428,1.8032760620117188,1.9721378087997437,5.195673942565918,2.5107133388519287
-26.236435360010695,-1.4357727599014534,117.21823862087857,3.135451316833496,3.965527296066284,12.529714584350586,-3.102626323699951
1.8564060592351108,1.2877784929506706,11.670540066959514,1.6254558563232422,0.6000000238418579,0.8644722700119019,1.6892794370651245
4.231445780274178,0.9328397604800238,17.121827623072036,2.0803356170654297,0.7648669481277466,0.6281055212020874,0.5469188690185547
-0.08903738000409656,0.661253640508649,30.13166286610877,1.7717666625976562,0.8720135688781738,0.676408052444458,-0.14205799996852875
-35.10846555856528,-0.3582048313162254,85.74836604526912,1.8524103164672852,0.9999850988388062,0.6000000238418579,0.15190353989601135
-24.828951941253006,-0.09022260462969278,74.2409766525781,2.0590248107910156,1.010542392730713,0.6107298731803894,0.15705521404743195
-5.661456733853433,1.441474911381634,15.606106050148309,1.5180931091308594,1.743669033050537,4.439084529876709,0.08947691321372986
-15.764135286191406,-0.8826901512505061,92.0781391862441,1.940988540649414,2.08229398727417,5.463956356048584,2.725235939025879
-8.580920693675788,-0.012025777436901253,61.33022492152134,1.4417877197265625,2.070054531097412,4.03000020980835,0.1826963871717453
-15.188258516809388,0.8721958925478204,43.118434079335906,1.740325927734375,2.0790412425994873,4.785905838012695,-3.0039496421813965
-7.268057558962045,1.0938719587770152,28.01383834484034,1.7899150848388672,2.0763931274414062,4.03000020980835,0.09416642785072327
-10.942017722819747,0.21592495979320359,55.11327208941637,1.4161911010742188,1.9140022993087769,4.149456024169922,0.2542623281478882
-2.9312278088414616,0.9885500509610572,29.155922603685646,3.0,2.6577630043029785,9.5,0.14392898976802826
