-4.94963687176873,1.4724817995294641,47.3787961638198,1.4528017044067383,0.9748514890670776,1.5,0.008559620007872581
-4.34886021538723,1.705171712948099,8.552716609802744,1.0946826934814453,0.5958032608032227,1.9760611057281494,0.002051413059234619
-4.951512042005208,1.4708612182341558,47.508852995669,1.9794464111328125,0.9723106622695923,1.2543774843215942,-0.0032517837826162577
-7.760648925981026,1.2036628294680853,112.22133563958988,2.1345999240875244,0.9570004343986511,0.6561300754547119,0.0010937422048300505
-7.74105893317855,1.3481948167050513,47.8365819121471,1.8845224380493164,0.9421872496604919,0.6000000238418579,0.03226267918944359
-8.733913435681403,1.1622766335271564,112.94164243096054,1.7286310195922852,1.0122783184051514,0.6000000238418579,3.1385350227355957
2.527878007712922,1.6401318257155721,23.812094072680814,1.8193416595458984,0.8279088735580444,0.6000000238418579,-0.9910497069358826
-9.026779559128292,1.319000809807181,45.86070536386861,1.8567371368408203,0.7074835300445557,0.6458483338356018,-0.010726605542004108
-8.973249765457659,1.0463905961253608,99.66709020779449,2.1345999240875244,1.243499994277954,1.0642375946044922,0.025168709456920624
10.51236036671283,1.5745200696027246,21.262981560571628,2.230870246887207,1.8224375247955322,4.39559268951416,1.5630393028259277
3.328745913623282,1.4258339954434378,53.925022252396126,1.7098922729492188,1.7400000095367432,4.03000020980835,0.01597589999437332
0.6311612374601452,1.1164386944742026,95.24366706213291,1.409999966621399,1.7400000095367432,4.03000020980835,0.0047662630677223206
2.72918564679972,1.1922219313933797,97.76616321293257,1.5451459884643555,1.7400000095367432,4.759851455688477,0.014825912192463875
3.4284892904946007,1.3328192879943597,74.71522677479928,1.4710073471069336,1.7400000095367432,4.03000020980835,0.00953629706054926
3.235398226072482,1.2525313180300421,103.63668308073508,2.4600696563720703,1.8794028759002686,4.03000020980835,0.005529229063540697
-1.2338515890317512,1.2051111939194605,82.67360305234735,2.009462356567383,1.9334971904754639,4.03000020980835,0.02096160128712654
10.51236036671283,1.5745200696027246,21.262981560571628,2.230870246887207,1.8224375247955322,4.39559268951416,1.5630393028259277
3.4934921655549154,1.5098881491103817,43.01750767009217,1.5184669494628906,1.7400000095367432,4.03000020980835,0.01972665637731552
3.8240900139605083,1.7020941532993608,18.520249335763527,1.7138347625732422,2.264378547668457,4.632321357727051,0.000116839146357961
3.507309944129353,1.7124338640630132,12.898404276797491,1.8981199264526367,1.8019227981567383,4.430261135101318,-0.033413443714380264
