12.668462788479333,-0.0830196696493084,143.9737124619179,1.409999966621399,2.138556480407715,4.118621349334717,-0.24744047224521637
-20.523837135277677,2.218480505090918,7.543621699756752,1.719099998474121,0.846001148223877,2.233894109725952,3.124546766281128
-13.075921232007085,1.659346169065124,43.43675303005993,1.8530387878417969,2.0792882442474365,5.732187747955322,-3.132056951522827
-10.40239490180111,1.3261191242499824,69.11227334731909,1.526571273803711,1.9915711879730225,4.486296653747559,3.100558042526245
-20.523837135277677,2.218480505090918,7.543621699756752,1.719099998474121,0.846001148223877,2.233894109725952,3.124546766281128
-3.2432197537620717,1.7530789939785172,6.210637853592164,1.7484416961669922,1.7515687942504883,4.279283046722412,0.0065293023362755775
14.784223067170547,0.25410896130453775,128.15613061729056,1.6367206573486328,2.171297073364258,4.03000020980835,-0.25061339139938354
-6.454104352596435,1.5914453053466744,32.99489019628226,1.8456497192382812,1.820143222808838,4.5327253341674805,-0.005010641645640135
-4.872080134086832,1.2606236542844447,67.52596324451638,1.5748100280761719,1.7657842636108398,4.256167411804199,-0.050611332058906555
-12.300494801388203,1.5415273992675407,53.64656240961631,1.4780635833740234,1.9423527717590332,4.660544395446777,3.096252918243408
-12.802165816665369,0.8305947425600249,134.87424153260773,1.6298675537109375,2.0855462551116943,5.961183547973633,2.7705774307250977
0.2636307333720506,1.6910699370384363,23.679134767961276,1.9107818603515625,2.198319435119629,4.70090389251709,-0.012945583090186119
-2.6800101922422175,1.365415822033723,58.41737014166688,1.8436737060546875,1.8712129592895508,4.232932090759277,-0.04093827307224274
