-12.909178719899764,1.5351319380856596,59.310504753285024,2.1300792694091797,0.6000000238418579,0.6000000238418579,-1.676283597946167
-12.523821170859037,1.6231660525737466,41.58701234896114,1.7602310180664062,0.8066729307174683,0.6000000238418579,3.09712290763855
-3.8731142454811804,1.5561760515336756,80.22898954012383,1.6749858856201172,0.7854384183883667,0.6000000238418579,0.1813395470380783
-0.031884720251108556,1.5791129528689576,35.909602205888326,1.5968971252441406,0.6878743171691895,0.6701267957687378,-2.5435774326324463
-10.001218074518068,1.5279086851807424,70.57567011313475,1.8523845672607422,0.6145808696746826,0.6000000238418579,0.461171418428421
9.523230850784499,1.093689921291128,88.05186282390746,1.6285514831542969,0.6000000238418579,0.6000000238418579,3.1406688690185547
0.5050006456544136,1.5700133444764903,36.76141003295098,1.6281890869140625,0.6749593615531921,0.6000000238418579,-2.5958657264709473
-12.293602196097629,1.5318086374639586,58.2319371804851,1.8850250244140625,0.6623711585998535,0.6000000238418579,-0.38040852546691895
-10.268700519911372,1.4925698050941656,58.505917077758546,2.0797176361083984,0.6000000238418579,0.6000000238418579,3.120992422103882
-6.433687428012494,1.7236956989142607,34.00915739327978,1.4221305847167969,1.7400000095367432,4.052375793457031,3.137622594833374
-6.33938337960163,1.7506466483796825,26.94518611318033,1.409999966621399,1.7400000095367432,4.581264972686768,-3.1406593322753906
-0.724787199994769,1.6771214266356145,16.86948015482313,1.4545135498046875,1.8714377880096436,4.03000020980835,0.011035650968551636
2.975595222993533,1.6965841796346128,9.659909547124377,1.409999966621399,1.7400000095367432,4.03000020980835,0.008280618116259575
-6.729581909492172,1.8517820677260988,14.643860421823593,1.6080455780029297,1.7400000095367432,4.03000020980835,3.1385974884033203
-6.665439675647288,1.8127843641333679,20.408821514293052,1.5491752624511719,1.7400000095367432,4.300778388977051,3.1281211376190186
2.910688515790973,1.6738323967670543,14.276764091605985,1.806386947631836,1.792299509048462,4.527250289916992,0.017777446657419205
2.975595222993533,1.6965841796346128,9.659909547124377,1.409999966621399,1.7400000095367432,4.03000020980835,0.008280618116259575
-5.856543109878817,1.6169960146523001,74.3679578021222,1.7881031036376953,2.361818790435791,4.866131782531738,3.1211612224578857
2.90463690765168,1.5925673819935735,26.914004969973895,1.5534172058105469,2.9603495597839355,4.03000020980835,0.032416604459285736
-5.751917134720763,1.5985494662392188,80.38209039488751,1.6725120544433594,1.7400000095367432,4.111667633056641,-3.140352725982666
3.1430542899355407,1.438441692406919,77.08954871808545,1.409999966621399,1.7400000095367432,4.03000020980835,0.028046103194355965
