-4.315755867516184,1.8193854528296596,88.4596346405971,1.3773307800292969,0.7052637338638306,1.5,2.013017177581787
-4.202314747504902,1.812839426023669,88.55378818884225,1.9447746276855469,0.6313074827194214,1.0939621925354004,2.0170295238494873
-4.3637362615032185,1.5172056225765074,98.50513077021257,3.7003326416015625,2.531101703643799,9.573546409606934,2.3314566612243652
14.85046706451479,-0.20340709194072915,114.97488498807324,1.9661026000976562,1.243499994277954,0.6730459928512573,-0.06017543748021126
-5.753726840985251,1.8421954602310615,16.61522017047812,1.879241943359375,1.9118938446044922,4.495377540588379,0.04907327517867088
-5.753726840985251,1.8421954602310615,16.61522017047812,1.879241943359375,1.9118938446044922,4.495377540588379,0.04907327517867088
3.416583060931071,1.5992946236603363,26.584595690953694,1.7269744873046875,2.044022560119629,4.647140979766846,1.2615876197814941
-8.259892252617615,2.103673104079891,50.170666935556,1.993194580078125,1.9103155136108398,4.096523761749268,0.1325821727514267
4.057483952515971,0.5617782127138935,108.44426737610988,1.8018760681152344,2.0229175090789795,5.693027496337891,2.8159408569335938
13.812866405510036,0.7241530812519406,54.79042713766121,1.9377670288085938,1.8704649209976196,5.367770671844482,-1.6396583318710327
8.04559522314297,-0.4620776587519577,124.75691038842935,1.409999966621399,1.9431216716766357,4.03000020980835,3.0299506187438965
-6.901488392795471,2.050286794682699,63.4413764611115,1.7925949096679688,2.268707513809204,4.109649181365967,0.21771416068077087
-7.143699782632376,2.0139265528757715,35.474291198019245,1.5697708129882812,1.7400000095367432,4.03000020980835,0.10706395655870438
-15.952722133330456,2.3749876586203857,70.39113904782863,2.515700101852417,1.7400000095367432,4.765000343322754,0.6333926916122437
-3.5535136366204583,1.6029890857468674,93.96999123791296,1.6766319274902344,1.7400000095367432,4.03000020980835,2.3267478942871094
15.532625061444955,0.3665880225320439,78.68573686649717,2.009674072265625,1.7400000095367432,5.644366264343262,-1.6716688871383667
8.04559522314297,-0.4620776587519577,124.75691038842935,1.409999966621399,1.9431216716766357,4.03000020980835,3.0299506187438965
-6.606264733122198,1.9223209281782943,26.43249884098851,1.7177352905273438,1.7400000095367432,4.222102642059326,0.08430618792772293
