-6.226672720904699,2.111798441232704,11.305775502142131,3.574972152709961,3.068892478942871,6.629026412963867,-0.1691289097070694
0.6556461982131493,2.547046505967643,64.71091096387329,4.605504989624023,3.3868813514709473,10.001238822937012,-0.09830295294523239
16.19173807455954,2.3237721774303024,83.22219782551139,2.5919551849365234,2.07564115524292,4.6426100730896,1.455631136894226
12.293711772674653,2.4273794707443366,85.71379376515773,1.6608448028564453,0.6000000238418579,1.3943471908569336,-1.7003509998321533
12.043788634959714,2.2950402305139015,63.46069244984659,1.7427253723144531,0.8049049973487854,1.0604288578033447,1.460691213607788
18.72072401454327,2.6516304684486895,119.03906005659482,2.1943626403808594,1.7400000095367432,4.03000020980835,-0.0969778373837471
4.357182381201717,2.855152211340166,102.20709183864332,1.851675033569336,2.6073575019836426,5.486370086669922,-0.12072492390871048
8.077268004312865,2.332622408852808,72.36925599566447,1.409999966621399,2.4235262870788574,5.224601745605469,-0.11205603927373886
10.779401632850002,2.3108586117721353,63.12557639194489,1.6384315490722656,2.4356260299682617,4.03000020980835,-0.1083323061466217
7.120313975414197,2.8525122436981962,117.55143507338614,1.409999966621399,2.227013349533081,4.6468963623046875,3.025282144546509
8.077268004312865,2.332622408852808,72.36925599566447,1.409999966621399,2.4235262870788574,5.224601745605469,-0.11205603927373886
15.815444154095271,2.5916279297249067,135.6679401939509,2.117115020751953,2.713858127593994,4.03000020980835,-0.09771198034286499
10.475958558717572,2.895516363636985,149.83080554880974,3.6367650032043457,3.366892099380493,3.4145898818969727,3.0374972820281982
5.4600068160815525,1.9274493094124598,16.9937562346798,3.594646453857422,2.9148812294006348,3.4145898818969727,-0.11638305336236954
