13.581453810801113,0.9999904585485411,117.08522370184757,4.529900074005127,4.587399959564209,12.911256790161133,2.3856146335601807
-1.3685807883850627,1.4876417564266546,29.326680460085925,1.6473045349121094,0.6412274241447449,0.7216424942016602,-1.473329782485962
-5.283949619603288,1.5785725905508636,31.034632658503845,1.6186628341674805,0.7896713614463806,0.8417059183120728,-1.5224186182022095
18.644601502598,1.1335492870037336,46.68275338555047,1.860001564025879,0.7839094400405884,0.6000000238418579,-3.122063159942627
1.099113805502501,1.4823284968754535,29.217340207062463,1.6675376892089844,0.6311407089233398,0.8369837999343872,-1.5597608089447021
11.199432208395894,1.2945593921308005,44.95323781493186,1.7291316986083984,0.7744747996330261,0.7922943830490112,1.550611972808838
-6.696500945966484,1.4831394281612664,45.32293738358256,1.6699762344360352,0.640966534614563,0.8659931421279907,-1.5714658498764038
15.506204389885056,1.3467091697223292,41.72184757543795,1.4131250381469727,2.679154634475708,4.9841413497924805,1.587164044380188
6.451448026191404,1.384774196893988,49.695023163718105,1.5,0.6724528670310974,0.7054240107536316,3.119781017303467
-7.465367719661559,1.5178099591752923,28.835499615115264,1.6422233581542969,0.60496985912323,0.6000000238418579,-0.23277926445007324
-0.656259565927374,1.4190134942208177,45.985476592008716,1.8127613067626953,0.6048481464385986,0.8624023795127869,-1.5072996616363525
6.409339121164012,1.3677666684527576,66.39634909073956,1.7232742309570312,0.6000000238418579,1.2525153160095215,1.5711596012115479
-14.103908747342878,1.5200018323771858,44.96349722229029,1.6898508071899414,0.7781981229782104,0.813831090927124,-1.5229268074035645
8.888347783618801,1.2894393918390792,70.35259947734153,2.1345999240875244,1.1950323581695557,0.9410593509674072,1.5970690250396729
7.343454806965599,1.3171576433223617,70.61909210422037,1.8178415298461914,0.8182559013366699,0.6856659054756165,-3.1163530349731445
-4.414725112271908,1.5922990440111133,24.342349707332183,1.7439641952514648,0.6023916602134705,0.85364830493927,1.6607682704925537
-6.649933233080684,1.5359147526923178,28.656440078641758,1.685394287109375,0.7515795230865479,0.6000000238418579,-0.2613650858402252
7.995997572727706,1.390307140403515,45.81651312847681,1.6770153045654297,0.6000000238418579,1.022316575050354,-1.5540019273757935
-3.137955512287975,0.9664161362622925,113.18321449598436,1.7689380645751953,0.6436052322387695,0.7966908812522888,2.3895888328552246
12.107245189508737,1.3935855718602106,40.17278271227504,1.6170072555541992,1.0994853973388672,0.7087059617042542,-3.119969129562378
-14.88356858421206,1.6237757759207117,37.30822689024488,2.347564697265625,2.1428699493408203,5.581161022186279,-1.543739676475525
15.506204389885056,1.3467091697223292,41.72184757543795,1.4131250381469727,2.679154634475708,4.9841413497924805,1.587164044380188
3.8856088950462473,1.50290607500389,51.72161759432483,1.7831916809082031,2.27675724029541,4.03000020980835,0.004544757306575775
