4.959618692814544,1.3911356871570741,15.19861986322929,1.6068401336669922,0.952062726020813,0.674068808555603,-1.6192213296890259
-0.14091028926704352,1.6197765882025603,14.973723742606882,1.7118415832519531,2.366457223892212,4.03000020980835,0.013638729229569435
-12.329382512172408,1.3468110624714082,122.34482008954106,1.5074195861816406,3.0,5.901228904724121,-3.1206345558166504
41.21136075686883,-0.23301679190753077,145.60677087877662,1.7130298614501953,1.7400000095367432,4.03000020980835,1.3602896928787231
-10.339685531791876,1.5925933383921302,36.4773051703908,1.6772747039794922,2.2775158882141113,4.9718170166015625,-3.101494789123535
33.62870854101964,0.026949043304792752,147.1184559674342,1.9227180480957031,1.7400000095367432,4.03000020980835,1.353234052658081
4.959618692814544,1.3911356871570741,15.19861986322929,1.6068401336669922,0.952062726020813,0.674068808555603,-1.6192213296890259
6.814792912719994,1.0766917292480365,63.04660164601222,1.4848918914794922,1.7400000095367432,4.842985153198242,1.3147221803665161
15.988642392975528,0.8473812941420098,61.131064163136514,1.409999966621399,1.7400000095367432,4.392882347106934,1.3525222539901733
-10.929550241925359,1.3608473613301886,80.33948958044483,2.1429672241210938,2.4803178310394287,6.0440263748168945,-3.1082069873809814
