-16.252939734607263,2.348786603232691,74.31329432745969,1.0582141876220703,1.0407154560089111,1.5,0.0066383774392306805
-17.72657716817617,2.4174179463311845,105.3585602485575,1.5,0.9141934514045715,0.6000000238418579,0.018853552639484406
-16.729201511821145,2.3915175729410487,105.67288321415334,1.5,0.6169043779373169,0.6000000238418579,0.03411704674363136
-22.017722033004798,2.391653944812135,68.44182878973247,1.409999966621399,1.7400000095367432,4.03000020980835,0.016573192551732063
1.05808033257054,1.837937304586295,91.49761392612159,1.8266563415527344,1.9146409034729004,4.2839555740356445,-0.011739624664187431
7.581907353537972,1.7425861555185662,118.46777121220994,1.409999966621399,2.3950371742248535,4.03000020980835,-0.016149893403053284
2.714756671297437,1.8442166162785423,69.80138972999885,1.6976261138916016,1.9228570461273193,4.03000020980835,0.0041229031048715115
0.3852845531158693,1.8217275177798427,32.36182650919591,1.4867267608642578,2.000649929046631,4.03000020980835,0.027203131467103958
6.544194162916104,1.8545881008498402,33.955272828735446,1.579416275024414,1.7400000095367432,4.03000020980835,0.007445132825523615
-0.19921428074049313,1.8326978213856044,105.6187960307717,1.6650619506835938,1.7400000095367432,4.03000020980835,-0.005769800860434771
-13.49194577140419,2.523711287754269,137.05280143834102,1.409999966621399,1.8545219898223877,4.03000020980835,-3.129689931869507
-13.698254808297504,2.5643949750363273,143.88754684663127,1.409999966621399,1.7400000095367432,4.03000020980835,3.121051549911499
6.540168744072324,1.8519892664245812,46.19173644989487,1.7743701934814453,1.8433505296707153,4.240364074707031,-0.015392792411148548
6.543715369834476,1.8271346064393632,19.964626947850018,1.6474475860595703,1.970981240272522,4.03000020980835,0.02223929949104786
6.391472991289816,1.8683650177271023,40.829235879670065,1.6913375854492188,1.873741865158081,4.03000020980835,-0.002858622232452035
-14.09485520029146,2.4789257406710163,31.763739005056316,1.7253704071044922,1.9163248538970947,4.03000020980835,-3.1302781105041504
6.536660921756291,1.8288191622377292,27.848363163602688,1.7645893096923828,2.183441638946533,4.668039798736572,-0.013282855041325092
-14.163678371605394,2.477720204876062,38.648071925687205,1.5059852600097656,1.8109283447265625,4.121731281280518,-3.1356773376464844
