3.745345594865962,1.6873148355476784,11.955679681884199,3.0,2.591602325439453,11.450714111328125,-0.0045139482244849205
10.670884837356942,1.3474098626627384,123.89024349153294,4.22906494140625,4.257597923278809,7.212873458862305,-0.03075401671230793
9.11478770423337,1.406443748313308,89.50705507350703,2.3819217681884766,2.842050075531006,4.3606438636779785,-0.015712546184659004
-11.496148237971386,1.7424983459665202,94.7725035319169,1.693070411682129,1.081490159034729,1.2479186058044434,3.141072988510132
-11.66491896987739,1.948413014834855,35.21231856731255,1.759720802307129,0.8114807605743408,0.6000000238418579,-0.010320939123630524
-12.096433449109906,2.0976222305999164,46.27225094295446,1.8362665176391602,0.969099760055542,0.6372334957122803,3.1250157356262207
12.847914160274048,1.1341408327687699,93.43957624976615,1.6892280578613281,0.942202627658844,0.6000000238418579,3.0344996452331543
-9.294807198146248,1.614256689556667,104.09783455271601,1.8250398635864258,1.243499994277954,0.774017333984375,-0.03371511027216911
-12.521286408063089,1.9612178735018957,35.949913419229695,1.6503591537475586,0.61762535572052,0.6000000238418579,-1.6309374570846558
-3.2337739469788467,1.6915030227480043,58.076736035414626,1.986912727355957,2.275264263153076,5.793578147888184,3.1144654750823975
8.736040729987685,1.4040638643024566,82.59212080732229,1.4678287506103516,1.8725390434265137,4.03000020980835,-0.028604915365576744
0.14624877222897992,1.6748755745111323,8.536235364290972,1.4527387619018555,1.7915105819702148,4.03000020980835,-0.028618304058909416
