4.561384851210158,4.2625234011776,107.7305447981056,1.9539718627929688,1.7400000095367432,4.03000020980835,-0.034821026027202606
-10.67949190830799,1.8331228112403257,28.55759966496536,1.5742340087890625,0.7758030891418457,0.6156226992607117,-3.115906238555908
-10.135373575860841,1.8892843989391097,34.66179292831137,1.825531005859375,0.9502536058425903,0.717657208442688,0.010697545483708382
9.794235617943375,1.373581144127371,24.36848010957833,1.8755569458007812,0.7733680009841919,0.6806248426437378,2.0273942947387695
-2.4696463163561275,3.7304137838616533,90.29966657417098,1.627197265625,1.7400000095367432,4.03000020980835,-3.1284873485565186
2.556486426162102,1.664724620307842,8.981745383393127,1.6275177001953125,2.0146713256835938,4.03000020980835,0.44148582220077515
-3.322364823876524,1.6784530719996487,18.197859452658044,1.409999966621399,2.0828356742858887,4.473997116088867,3.1075539588928223
-2.4311526984150102,1.9272870767432315,37.143873543884446,1.4859848022460938,1.9459912776947021,4.150912284851074,3.1355702877044678
-2.1018520651806507,5.6356706419375655,145.03490163786995,1.6991348266601562,1.7400000095367432,4.03000020980835,3.1216046810150146
0.9012537821225015,1.9908059453736509,40.958625334976404,1.409999966621399,2.1043753623962402,4.03000020980835,-0.02751321718096733
-2.1018520651806507,5.6356706419375655,145.03490163786995,1.6991348266601562,1.7400000095367432,4.03000020980835,3.1216046810150146
4.939783652763438,2.6067189935760178,63.74444920117925,1.578277587890625,1.7400000095367432,4.03000020980835,-0.012466167099773884
5.3190236339849815,3.839292799241293,95.7730183397097,2.2387619018554688,1.8334263563156128,4.354154109954834,0.013789232820272446
-6.672031220948972,2.906182318738942,62.11416288856663,1.447845458984375,1.7400000095367432,4.03000020980835,3.1366899013519287
