5.305858723853953,1.4197826785515986,70.93179813429103,2.9418907165527344,2.36641788482666,6.4937028884887695,-0.007984415628015995
10.849219288942944,1.1956660134298225,28.40998839488337,1.796499252319336,0.6621352434158325,0.6000000238418579,2.742374897003174
-15.045221096136155,1.8545664705045817,83.67307334940872,1.8686161041259766,0.6102662086486816,0.6000000238418579,0.5295150876045227
-13.64401976627532,1.877121080643932,60.79821456207507,1.780569076538086,0.8586044907569885,0.7361433506011963,0.02254745364189148
-14.165705881286001,1.8405887545211972,83.40841909087159,1.7218742370605469,0.6623958349227905,0.6000000238418579,0.41843828558921814
-13.50434427345892,1.8674545039372823,66.11489345117675,1.9925556182861328,0.9271550178527832,0.7753627896308899,0.029639780521392822
11.435916159761328,1.1572638186804542,90.440151003634,1.6321868896484375,0.8070535659790039,0.6000000238418579,0.05516422539949417
5.383011976827352,1.4726812052583744,56.700608272232685,2.515700101852417,2.7874362468719482,5.429326057434082,0.003989373799413443
-0.9611909749173501,1.498236779998741,71.43748555096403,1.5440425872802734,2.142735004425049,4.03000020980835,-0.01821061037480831
-0.9611909749173501,1.498236779998741,71.43748555096403,1.5440425872802734,2.142735004425049,4.03000020980835,-0.01821061037480831
-4.449201051524851,1.6073599825010438,66.32202503484798,1.4612655639648438,1.9436594247817993,4.967455863952637,3.11344575881958
-8.15619387023845,1.3724086137074816,133.4825060523523,1.5405635833740234,2.3852641582489014,5.890584945678711,2.6146657466888428
-4.947196076805751,1.6835556311366993,45.37398431741398,1.8168258666992188,2.1123738288879395,4.637392044067383,-3.12530779838562
7.9111524152362405,1.2669583014589576,56.642600441845104,1.4788227081298828,0.8495582342147827,1.0786999464035034,1.5866143703460693
