-0.49512952651202274,1.5101441072674069,37.78676758980793,1.7693099975585938,0.7244108319282532,0.7600694298744202,1.5958898067474365
-7.081330213454491,1.1683761328880198,99.43577545708244,1.6447315216064453,0.9838972687721252,0.6000000238418579,-3.127171754837036
-5.462478831631267,1.4923722296509223,59.7301860901546,1.4596672058105469,1.8831286430358887,4.437829971313477,3.1198291778564453
2.7344308809901565,1.1583373973152555,90.7427748289722,1.5873031616210938,1.7400000095367432,4.03000020980835,0.003178730607032776
-5.189767871050335,1.1800660654248518,115.06557779556952,1.9910106658935547,2.032271385192871,4.03000020980835,3.133323907852173
-6.244444241755465,1.8229406660158456,27.39532134040766,1.777933120727539,1.8112704753875732,4.637913703918457,-3.134742498397827
3.0495223726774277,1.7069047679098126,9.193848608366824,1.445709228515625,1.7400000095367432,4.291905879974365,-0.0028205723501741886
1.6546362527586007,1.0229081380683378,106.22676770475573,2.0087032318115234,2.321803569793701,4.93042516708374,-0.008914069272577763
3.2690288501372655,1.6144145030259536,31.62441864342673,1.9978694915771484,2.0725314617156982,5.696226596832275,-0.0113496920093894
2.7713386038059182,0.9605725870437712,117.55990223503943,2.805339813232422,2.684171676635742,7.5,-0.005338386166840792
