-3.7996089555621504,1.225459960293005,54.706329831343595,3.6082229614257812,3.1455628871917725,6.711780548095703,-3.131412982940674
-12.566716674997297,1.449483370181862,37.696564363866315,1.8090667724609375,0.9820663928985596,0.6395297646522522,1.7252888679504395
-12.05478484497931,1.39797695448252,38.95773311946753,1.6414108276367188,0.8489060997962952,0.6000000238418579,2.076514482498169
-11.234507127867126,1.3748528536595415,41.656832186306175,1.5,0.6523966789245605,0.6000000238418579,-1.583298921585083
-10.223868065892615,0.8290850671409835,93.89942913097042,2.1345999240875244,1.243499994277954,0.9583146572113037,0.08295494318008423
2.7074388997084853,1.2352081461553528,54.30122960495773,1.5962562561035156,1.8915562629699707,4.03000020980835,0.01408560760319233
2.3324366964628,1.5281678537506678,10.93891662693299,1.8710861206054688,2.3158977031707764,4.03000020980835,0.01697707362473011
2.7817212758690895,1.1348322243156383,67.35936763989405,2.239765167236328,2.6206815242767334,4.03000020980835,0.0036930409260094166
-2.9480300480761596,1.098006744254842,67.57029580155739,1.409999966621399,1.7400000095367432,4.03000020980835,-3.129213333129883
2.173875845759108,1.1674711321455546,61.63656174753392,1.5804481506347656,1.7400000095367432,4.03000020980835,0.019710278138518333
1.2643286149213822,0.7071566562675791,102.8713868962885,1.7528114318847656,2.0411593914031982,4.057349681854248,0.03234264627099037
