3.584344318769543,2.0807914017017617,25.160491925619795,2.1571598052978516,2.1182966232299805,4.3418450355529785,0.010073776356875896
-1.2993020221338132,2.5084328816735866,58.19591800573851,2.197439193725586,2.1365842819213867,4.74165153503418,0.04713631048798561
-6.7767330300517905,2.278973924162065,28.86178401968822,1.624166488647461,1.7400000095367432,4.03000020980835,-3.114617109298706
2.8513174861503994,2.356102476542367,45.4487514638998,1.6080665588378906,1.7400000095367432,5.019353866577148,0.014652853831648827
-2.7480821462908693,2.83107317345628,76.20380092820177,1.9155635833740234,2.1880624294281006,4.785496234893799,-2.366594076156616
-7.107855365096167,2.4546587984165615,41.17006363075884,1.7415943145751953,1.7400000095367432,4.083974838256836,-3.1411166191101074
-7.079081881799681,2.5329459306218896,47.795929514529064,2.0117721557617188,1.9389030933380127,4.03000020980835,-3.1131975650787354
-11.28649120706559,3.788749636936922,121.97001619289416,2.4497814178466797,2.3764171600341797,4.125493049621582,0.24672551453113556
3.116652331368388,2.1570714323406515,32.1116409639702,1.8163280487060547,1.7400000095367432,4.03000020980835,0.03526850789785385
-7.334683574926478,2.2391831288208435,23.66702301893191,1.786569595336914,1.870419979095459,4.043273448944092,-3.1330349445343018
-7.259707528175642,2.389408657120409,35.330151802034194,2.169086456298828,1.9192302227020264,4.03000020980835,-3.1157188415527344
-0.15171418220389754,2.0246542745003167,21.221969153926896,1.5875740051269531,1.7400000095367432,4.03000020980835,0.0061691864393651485
