-4.144029452123561,1.464531452376449,99.72278005304685,4.349302291870117,3.235934257507324,4.03000020980835,0.03187492489814758
2.969083093542408,1.1447142252791354,104.59120203080307,2.1345999240875244,1.0764706134796143,0.7983394861221313,0.0059504215605556965
-3.6583605666976937,1.5795251441816338,60.26063606870419,1.9140739440917969,1.8755769729614258,4.03000020980835,0.013104630634188652
0.5370196399300546,1.6723597340871568,9.869298496425188,1.5900611877441406,1.7400000095367432,4.926114559173584,0.029121551662683487
-7.130926447505684,1.6944108580361146,53.50343135792072,1.9447708129882812,2.3083720207214355,6.355821132659912,-3.1378793716430664
-3.464250531718158,1.6724316147829923,38.76207741645254,1.5860767364501953,1.8066952228546143,4.03000020980835,0.00014480216486845165
-0.22098157963201626,1.3039376293845346,150.3754722689833,2.0962352752685547,2.344999313354492,4.03000020980835,0.047727905213832855
-1.6402636586990835,1.520214517975246,84.13434150533635,2.515700101852417,2.307436466217041,4.658693790435791,-0.025480099022388458
-3.3267414483516378,1.7708759181649647,9.670694001973066,2.5133323669433594,2.198801279067993,5.826354503631592,0.027180833742022514
-3.869627344317181,1.7270881489613035,22.45237399247166,1.4943351745605469,1.7400000095367432,4.2942352294921875,-0.013203413225710392
