-6.131230394876088,1.9166091703728396,19.31667649790477,1.6244258880615234,0.6000000238418579,0.7286790013313293,-1.7355235815048218
2.9365888420370005,1.8151957064487156,91.61361928020983,1.6388721466064453,0.834941565990448,0.8446546196937561,-0.01709222048521042
2.672429355563743,1.7667629635996176,69.78891153027611,1.6365432739257812,1.1101820468902588,0.6411662101745605,0.0485612116754055
1.6123214254680094,1.8053317909736672,69.43253632608109,1.5871944427490234,0.9287927150726318,0.7217807769775391,1.5936766862869263
-7.207878735324583,1.9563959532838866,39.85518754940922,1.495361328125,1.7400000095367432,4.177191257476807,-3.114284038543701
-7.062283280940201,1.9461622993181775,34.74709155245101,1.6570549011230469,1.7400000095367432,4.03000020980835,-3.1170148849487305
-7.530229773246471,1.9182381885586013,75.1089438395159,1.8486671447753906,2.199674129486084,4.044694423675537,3.130840539932251
-7.271648134937781,1.9770182331954058,21.848376330598892,1.7885704040527344,2.4312539100646973,4.591055870056152,-3.107680082321167
-6.942298523773102,1.844008592625269,28.371893227408165,1.409999966621399,1.7400000095367432,4.579857349395752,-3.124624490737915
-7.530282359666024,1.945677835132702,55.94732251251572,1.409999966621399,1.7400000095367432,4.03000020980835,-3.1275222301483154
-0.4049566676486104,1.8304626866695557,35.077567222784026,1.693349838256836,1.7887027263641357,4.03000020980835,0.0018324338598176837
-7.254837507141207,1.9366704909099797,61.73336591229717,1.6901931762695312,2.0456619262695312,4.565389633178711,-3.139530897140503
-8.14009044212435,2.192049355859808,107.08811987357653,1.409999966621399,2.1197831630706787,4.03000020980835,-3.1294925212860107
-16.606843191987842,2.0378888094637304,104.5285914169415,1.6185016632080078,1.7400000095367432,4.03000020980835,-2.419579267501831
-8.14009044212435,2.192049355859808,107.08811987357653,1.409999966621399,2.1197831630706787,4.03000020980835,-3.1294925212860107
-7.271648134937781,1.9770182331954058,21.848376330598892,1.7885704040527344,2.4312539100646973,4.591055870056152,-3.107680082321167
