5.960561424890753,1.36052522978494,41.584012951409676,1.1457462310791016,0.5786531567573547,1.5,-0.004267483949661255
-4.480253147744528,1.8585051204552923,28.00877038318693,3.340303421020508,2.984342336654663,10.534015655517578,3.1246817111968994
7.4881517227641226,1.1751191644653105,60.433729049048715,1.6990699768066406,1.010648250579834,0.6984075307846069,-0.026769302785396576
9.655565151374978,1.8826838479155286,49.40610054388963,2.1345999240875244,0.6000000238418579,0.6000000238418579,-0.027880409732460976
7.289288709462172,1.2492684050596008,49.575847334280176,1.8304176330566406,0.9185597896575928,0.6000000238418579,-0.038704756647348404
-2.2398751825772276,1.2887077943871459,108.82863419144584,1.8243989944458008,0.7713981866836548,1.1173231601715088,-1.5550564527511597
4.228862041401097,1.52953003114239,44.40275912449276,1.8709793090820312,1.866265892982483,4.03000020980835,-0.030615435913205147
-3.1131805170334226,1.6432952739953546,55.769915275129506,1.7990026473999023,2.2154102325439453,4.7006072998046875,3.1215450763702393
1.7156367321755979,1.506874269589657,49.11656114760434,1.816366195678711,2.151876926422119,4.259028911590576,-0.05010049790143967
4.207926887909548,1.559452060502358,38.93685816217097,1.409999966621399,1.985276699066162,4.03000020980835,-0.01691766269505024
3.8561530696701385,1.4810595060555936,57.91736805582681,1.9563941955566406,1.8254812955856323,5.081221580505371,-0.008920271880924702
-2.2398751825772276,1.2887077943871459,108.82863419144584,1.8243989944458008,0.7713981866836548,1.1173231601715088,-1.5550564527511597
