-8.40028225522539,1.933083002534738,32.17740224000468,2.127915859222412,0.9278824329376221,1.303608775138855,-1.5598167181015015
6.161280450399691,2.7302311994548507,95.95538027153896,2.107241630554199,0.9094959497451782,0.6000000238418579,-3.134364604949951
-15.93283046880019,3.5619368722504365,143.89017227460687,2.1035118103027344,2.4702165126800537,4.03000020980835,-3.12631893157959
9.786536925807777,2.195411283968545,51.71882738534227,1.8014278411865234,1.8608391284942627,4.535552024841309,1.5246354341506958
-26.544265801290862,3.97052228938401,70.1940757398325,2.515700101852417,2.2686147689819336,4.2696638107299805,-1.5852380990982056
-26.063013862085057,3.6838886431558615,85.5486384023383,2.515700101852417,1.7400000095367432,4.03000020980835,-1.5691359043121338
-27.45756672676173,3.7038950698132806,82.92270546079513,2.515700101852417,1.7400000095367432,4.03000020980835,-1.5860540866851807
-0.09711339190674245,1.9095730097002235,13.592410852278954,1.5229434967041016,1.9883606433868408,4.498552322387695,0.0003671203157864511
-26.46360878393219,4.28684629214636,75.10803812720384,2.515700101852417,1.7400000095367432,4.03000020980835,-1.5753631591796875
-2.8310478272191952,2.03178557956712,29.250701850516744,1.6080360412597656,1.8551573753356934,4.03000020980835,0.01378742977976799
-24.775976666584466,2.834859546553173,58.4567599943044,1.7041645050048828,1.9121299982070923,4.530821800231934,2.002197027206421
-16.245342207135984,2.7604870040737444,66.36578270679806,1.4939327239990234,2.1755175590515137,4.593476295471191,2.8154516220092773
