-8.413952562443594,1.573896795615786,28.068100709223497,1.9550819396972656,0.8407092094421387,0.6000000238418579,-3.111643075942993
0.518717279606603,1.2628093288152271,58.95159097698998,1.862299919128418,1.7400000095367432,4.03000020980835,0.02098444662988186
8.947495914690991,1.3533421581806273,31.842639082205572,1.6762971878051758,1.952094554901123,4.03000020980835,0.06131400913000107
-9.110823367602322,0.1387375222014744,100.634751214754,2.331989288330078,2.021435022354126,4.03000020980835,-3.0946528911590576
-4.817984280895854,1.7957779008165182,11.21803616459934,1.608724594116211,1.7400000095367432,4.03000020980835,-3.0833933353424072
14.26206867251287,1.3369934789020412,31.61988377448496,2.1034393310546875,2.0314881801605225,4.62645149230957,0.077063649892807
-2.310256976503676,-0.038581689295927424,105.07027929497563,1.5368127822875977,2.5160908699035645,4.03000020980835,0.055918075144290924
-4.985929585055137,1.7582680106546142,16.7339548340798,1.543614387512207,1.7849738597869873,4.225462436676025,-3.083582878112793
6.300231276856266,1.4141662358858256,31.743014900761672,1.809126853942871,2.06829571723938,4.03000020980835,0.053094446659088135
1.487407648900333,1.3654428727531902,46.92261032874628,1.8443851470947266,1.7400000095367432,4.03000020980835,0.061611443758010864
11.469695700471714,1.3258131743678518,32.3477722060914,1.5736055374145508,1.7400000095367432,4.03000020980835,0.069381482899189
-14.803324576490516,1.3217962050155285,44.07690346039273,1.409999966621399,1.7400000095367432,4.03000020980835,0.04760446399450302
2.063406962849156,1.5748805859952133,30.5636970102425,1.7564868927001953,1.852489948272705,4.03000020980835,0.03732960671186447
-22.43247927643443,0.9862524619825788,78.23488225083099,1.5524730682373047,1.7400000095367432,4.03000020980835,-1.5039774179458618
-3.369803900905136,1.6166200247357507,24.250458687751923,1.867417335510254,2.090257167816162,5.105473518371582,-1.2572206258773804
-11.898008136876474,1.455164325601876,28.89178045800802,1.7371349334716797,1.7400000095367432,4.124979019165039,-3.0798187255859375
2.0894794762173374,1.724163784661564,14.109716508306848,1.5498180389404297,1.787102460861206,4.03000020980835,0.0664387121796608
