40.10795290458627,-0.29353266324068716,89.50404656763101,3.4994659423828125,3.1004562377929688,7.714284896850586,-0.9098116159439087
-0.038597918954286305,1.6791916748748505,21.32381286552146,1.8306083679199219,1.8847663402557373,4.055174827575684,-0.0046881455928087234
-5.475632759334159,1.8230821405709203,83.38132384876181,2.0122947692871094,1.7400000095367432,4.03000020980835,2.0446510314941406
18.390407849501127,0.9247500767530894,45.05148125892568,1.4874114990234375,1.8798457384109497,4.175418376922607,0.7218123078346252
6.338946560981864,1.29753093982132,56.35921895936546,1.6985816955566406,1.9334020614624023,4.592776298522949,-0.4480782747268677
1.8047402898379357,1.5153451423493212,45.87699459583722,2.178802490234375,2.124922037124634,5.318233966827393,-0.2618113160133362
-15.372070390519662,2.0510381017809087,65.21173141791573,1.4782485961914062,1.8536338806152344,4.077723979949951,-1.775720477104187
-19.703916996161244,2.109719305703617,58.65337211251361,1.4533195495605469,1.8894891738891602,4.222036361694336,-1.9150846004486084
14.041932295895961,0.9317497847596439,66.30088237420911,1.4967880249023438,1.9059607982635498,4.313106060028076,-0.6546909213066101
-18.09928096478698,2.051746233884587,62.32164053421243,2.0121498107910156,2.187163829803467,5.176620006561279,-1.9032288789749146
23.485943005359502,0.673082198346663,66.44846628027058,1.6230010986328125,1.904557228088379,4.9001970291137695,-0.179209366440773
-25.42481756934499,2.07131953878811,60.582543819650134,1.6233749389648438,2.0349948406219482,4.03000020980835,-1.8122034072875977
18.390407849501127,0.9247500767530894,45.05148125892568,1.4874114990234375,1.8798457384109497,4.175418376922607,0.7218123078346252
24.850041902586657,0.49375441226558014,77.50642980304556,1.8001899719238281,1.8557802438735962,4.378666877746582,-0.8358476161956787
22.192437848295857,0.570454823651884,82.03512890708134,3.6973533630371094,2.7015743255615234,9.5,2.2859246730804443
13.550824089721306,0.9568731269276458,74.86262689349994,3.104228973388672,3.259999990463257,10.627704620361328,2.2616019248962402
