6.669097270551578,1.1878353557987276,28.65581208650927,1.2998418807983398,0.5,1.9490385055541992,-0.06768273562192917
-10.484272361607582,1.3714606239384848,30.55278219928239,3.2620086669921875,3.1183605194091797,6.876543045043945,-0.00399375893175602
7.017456922839324,0.8078760349962051,54.627506264560495,1.787649154663086,0.9628511667251587,0.6923553347587585,-0.31334593892097473
5.766573585473468,0.05796219520837842,118.02807686285382,1.5,1.243499994277954,1.4164999723434448,1.5706181526184082
10.01452957890479,0.9986491993380073,50.23447924648698,1.7718639373779297,0.8911428451538086,1.4164999723434448,-2.3008036613464355
4.2303201309004,0.9044993819540257,53.64289006492162,2.1345999240875244,0.8520000576972961,1.4164999723434448,-1.8032832145690918
-3.611347094413892,1.0652756981080151,46.724107255734395,1.409999966621399,1.8523616790771484,4.03000020980835,0.009626958519220352
2.8825274045885383,1.43618695847194,23.29931919769865,1.414536476135254,1.7842779159545898,4.03000020980835,0.004876991733908653
-0.23126289843367204,1.3579819618348468,26.49888713057542,1.806746482849121,2.0212299823760986,4.03000020980835,0.02855541929602623
-3.801922240513046,1.2754924919822535,33.154386435303785,1.409999966621399,2.0621275901794434,4.03000020980835,0.012886720709502697
-12.20947198006422,0.5602875218642644,89.52376271715477,1.409999966621399,2.155367612838745,4.100343227386475,3.135835647583008
2.9043237626911464,1.7442258268503528,6.053743750033564,1.4408597946166992,1.7400000095367432,4.263731002807617,0.015344606712460518
-12.75588043553536,0.027080573266455854,124.9406756209437,1.409999966621399,2.284822940826416,4.03000020980835,3.140242576599121
-11.021081177928387,1.135431993410318,48.246808585096254,3.1276960372924805,2.722412109375,9.5,0.001976961037144065
