3.356548527678958,1.8278853116959488,44.977608929751895,1.1920843124389648,0.5573016405105591,1.5,1.620084524154663
-7.094190895745517,2.477487058919822,74.93653331611903,3.097039222717285,3.312042474746704,11.425291061401367,-3.1404612064361572
0.7373256901139082,2.892605587933793,119.17003113886355,2.631114959716797,2.241471529006958,4.03000020980835,0.025900008156895638
0.9598292660574536,2.4619090890664084,82.79376459587478,1.7554025650024414,0.9702494144439697,0.618293046951294,0.035609930753707886
-7.033655256592992,2.0448620009873966,33.32042227235094,1.6831483840942383,0.9020988941192627,0.6000000238418579,-1.9160363674163818
-11.671515881169686,1.9329351644238508,32.946963520111005,1.8040590286254883,0.7017067074775696,0.6000000238418579,-3.1288909912109375
-9.174605339755171,1.9657181279212157,28.142786212366666,1.8003206253051758,0.7058796882629395,0.6422755718231201,-2.4994935989379883
-8.251547240106653,3.131747444070293,125.33689588431766,1.8988752365112305,0.8825801610946655,0.915614128112793,-1.583169937133789
-10.960402817652543,1.9522617034531213,36.877397811159,1.6065454483032227,0.7361500859260559,0.6000000238418579,-3.127018928527832
-9.947260811519095,2.0148804379238614,41.2177078614911,2.082463264465332,0.9451477527618408,0.88068026304245,-2.069432497024536
3.0469073316853437,1.6833292655483594,10.86249698601082,1.6961135864257812,0.8125991821289062,0.6000000238418579,3.13637375831604
-11.950487231466068,1.952961697286363,40.37832193807742,2.0752363204956055,0.6000000238418579,0.6000000238418579,0.02372569777071476
-11.853491381234306,2.016564267486804,46.4852340196797,1.9082059860229492,0.6977877020835876,0.6399255990982056,-1.5334874391555786
-11.432866045471448,2.39403505547368,80.2340417146707,1.676194190979004,0.9955227375030518,0.6000000238418579,3.1335620880126953
8.647911414462794,1.5851121913731026,36.79206651886979,2.1345999240875244,0.9602728486061096,0.9579201936721802,0.0606129951775074
-8.251547240106653,3.131747444070293,125.33689588431766,1.8988752365112305,0.8825801610946655,0.915614128112793,-1.583169937133789
0.5960769092565223,2.857239843737968,112.39832088191432,1.8184633255004883,2.007457971572876,4.03000020980835,0.0016764692263677716
