0.17496430782839467,2.1662220887689236,44.56715517396214,3.3420028686523438,3.078342914581299,6.631627082824707,-0.03147280588746071
-5.1672563147858455,2.2705803133908464,39.77503996803568,2.569774627685547,2.456672191619873,5.777194499969482,3.1121933460235596
5.142859431776851,2.4818914472948883,74.52543002178642,1.9266853332519531,0.9792828559875488,0.8368722200393677,3.1384847164154053
-5.647670830784476,2.159426874646853,31.429780583241552,1.5148506164550781,1.7400000095367432,4.4687604904174805,3.129037380218506
3.695387550017775,1.989771181548806,16.89584357407643,1.7660903930664062,1.8058339357376099,4.750673294067383,-0.0033810269087553024
3.8389898660815325,2.035921704167129,23.397585696333927,1.5553550720214844,1.9440116882324219,4.6731390953063965,-0.0008610804216004908
3.785635169037798,2.0792631566509012,34.89935555046592,1.6887664794921875,1.7400000095367432,4.325125694274902,-0.03503159061074257
-5.713265601196843,2.0768006061034994,18.909832161328943,1.7946815490722656,1.7400000095367432,4.860496520996094,3.1126303672790527
3.6513128396425643,2.0720917624573474,29.212784090154702,1.5090408325195312,1.7400000095367432,4.416780471801758,-0.021122286096215248
13.411939063829879,2.3254586070338306,124.62391959928634,1.4783439636230469,2.1472737789154053,4.03000020980835,-0.14186474680900574
-5.713265601196843,2.0768006061034994,18.909832161328943,1.7946815490722656,1.7400000095367432,4.860496520996094,3.1126303672790527
-6.632615707680076,2.663044705926862,71.24644943065249,1.9498863220214844,2.050471544265747,5.751551628112793,3.0025765895843506
-0.21182969252443826,2.0115361060818744,22.8977996733063,1.9745826721191406,2.297999858856201,4.03000020980835,-0.03573555871844292
-6.04413282155731,2.1467906903128466,25.50697067555995,1.5303573608398438,1.7400000095367432,4.176027297973633,3.127420425415039
