-5.737241495262266,1.8657429902706966,17.428173586544222,1.12554931640625,0.7426072359085083,1.5346794128417969,-1.7112162113189697
-5.597361683328512,1.8485271416258788,19.437197605653598,1.1306438446044922,0.6096382141113281,1.5,-1.7000317573547363
-7.914446502054938,1.556676195055147,53.61416576875054,1.7354450225830078,0.9922272562980652,1.1946332454681396,-1.8085228204727173
9.291505854232286,1.538874073269107,49.61482653925078,2.1345999240875244,1.1125190258026123,1.0895633697509766,-1.738747477531433
-9.802434032970782,1.7628848875589591,30.788354103260062,1.8743724822998047,0.6532906889915466,0.7988870143890381,1.2303767204284668
-9.475962925447464,1.7668622184155822,31.729587189890054,1.8403167724609375,0.6458595991134644,0.682742714881897,1.4010003805160522
2.6393115819610333,1.7932660010122223,6.183505347538462,1.7692203521728516,2.0519723892211914,4.248124122619629,0.008587035350501537
1.3867379341699058,1.4645407615165786,35.50202946044558,1.409999966621399,1.7400000095367432,4.9215874671936035,2.3336358070373535
1.1015918269530358,1.8174632380026403,12.139023790475292,1.5590286254882812,2.098116159439087,4.03000020980835,-0.022907759994268417
-19.7795684114886,1.485965649176456,44.54073169570572,3.462543487548828,2.498258113861084,3.4145898818969727,1.3937190771102905
