-3.8165870215566553,1.0152912195876327,78.24440287984052,3.850482940673828,3.259730815887451,10.57068920135498,3.1390624046325684
5.322822804132721,1.2127259569533773,33.08209044184217,1.8843059539794922,0.8396092653274536,0.6000000238418579,0.025149377062916756
6.199840052188889,1.1648683112736067,32.706291015742785,1.6663360595703125,0.7078471183776855,0.6000000238418579,-0.005643158685415983
6.486774505155719,0.6073292707984561,96.20917011560962,1.8074264526367188,1.243499994277954,1.4164999723434448,0.00011837814236059785
3.1801944104023607,1.5174631736851536,23.875881815562362,1.5755348205566406,1.84372079372406,4.03000020980835,0.0017073885537683964
-4.1186342586188465,1.1292845526048008,66.65499145004256,1.6465606689453125,2.29949951171875,4.03000020980835,-3.129084348678589
-0.1839347991739431,1.4841245082046008,24.020438309442426,1.840261459350586,2.1158928871154785,4.03000020980835,0.003742044325917959
3.2954209334196882,1.597436555933644,17.32480575973474,1.4495773315429688,1.7400000095367432,4.03000020980835,-0.008321641944348812
-7.202434060673509,1.3181658517397603,71.76244026029279,1.6411457061767578,2.252620220184326,4.03000020980835,3.1238675117492676
3.854149796707093,0.9262887220610778,73.08523153698151,1.409999966621399,2.0841219425201416,4.03000020980835,0.009737393818795681
-2.4987196891765504,1.6836022121397791,5.782356374303568,1.6719703674316406,1.8697108030319214,4.41295051574707,-1.7255290746688843
2.7088636692817842,1.730579742994705,2.462595743248599,1.5163116455078125,1.7400000095367432,4.03000020980835,-0.00954887829720974
3.1801944104023607,1.5174631736851536,23.875881815562362,1.5755348205566406,1.84372079372406,4.03000020980835,0.0017073885537683964
