-21.37188313170897,2.7024879000897064,101.02865674385133,2.1345999240875244,1.243499994277954,0.6346101760864258,0.017653813585639
-19.088516237761507,2.277617062538872,53.949512300454494,1.615509033203125,0.6000000238418579,0.7071932554244995,-0.6418138146400452
-21.77059491170873,2.9572617770840184,122.07596633437852,1.751382827758789,0.8194406032562256,0.6000000238418579,-3.1150104999542236
-3.50157939755289,1.849051359959677,39.25769265585337,1.7368965148925781,1.9277946949005127,4.03000020980835,-0.003768547438085079
-3.646926981535783,1.9564185727293446,57.620207760554464,1.6548824310302734,1.7400000095367432,4.164213180541992,0.001114524551667273
5.264312108304902,1.8215228240695294,44.679945801145706,1.409999966621399,1.7400000095367432,4.49031925201416,1.190924882888794
13.025510364755197,1.7216846339453848,35.59808270019133,1.4982318878173828,1.8456673622131348,4.529622554779053,1.5762232542037964
-13.26323969592249,2.0585289802314835,32.075986766749025,1.6935920715332031,2.052435874938965,4.697604656219482,3.1405766010284424
-3.6115629821429747,1.7895889029599321,16.580961880578812,1.409999966621399,1.7400000095367432,4.03000020980835,-0.007776077836751938
-0.4297960320566069,1.8262648912362645,28.466045193100783,1.413351058959961,1.764847755432129,4.03000020980835,0.011658965609967709
-17.916969810357504,2.2292187236060332,53.8816124678283,1.2156000137329102,0.47909998893737793,1.0786999464035034,-1.797757625579834
