11.128373602492267,1.4083628019747887,114.96417086154227,1.5,0.7205194234848022,0.6000000238418579,-0.01598610356450081
11.852813586912838,1.3734422436287106,114.97789947109564,1.5,0.6125874519348145,0.6000000238418579,-0.03903950750827789
-5.042057563460609,1.6133419214112394,14.68742069990802,1.8020172119140625,0.7700953483581543,0.6000000238418579,0.1743471771478653
8.377094250013466,1.693678781950882,47.78557101518673,1.5,0.8229527473449707,0.6000000238418579,-0.02358623966574669
8.25725134420208,1.6504419288272043,107.07244256218692,1.5,0.6000000238418579,0.8902137875556946,1.0363185405731201
-4.647555949576265,1.615225600783881,29.19571682407284,1.5981979370117188,0.6489237546920776,0.729762852191925,0.0442744717001915
9.218833088689694,1.6766817662970406,46.486662165331666,1.6348037719726562,0.8967840671539307,0.6000000238418579,-0.0008800328359939158
-2.8371539184473242,1.746560366014871,6.7927007635029355,1.4206085205078125,1.7400000095367432,4.03000020980835,3.1065423488616943
10.396114940396744,1.7834264007325067,96.08471073530109,1.409999966621399,1.7400000095367432,4.03000020980835,1.9131108522415161
-1.1559505876669058,1.7278083613668,45.566772571583,1.5576400756835938,2.295717716217041,4.09282922744751,3.120537042617798
-0.20855117032168327,1.7559321850070873,63.88636843447247,1.935699462890625,1.9892301559448242,4.03000020980835,3.1211843490600586
-0.10271729353108638,1.7245078637431173,71.72963276082774,1.616119384765625,1.7400000095367432,4.03000020980835,3.097822427749634
3.9878880670381833,1.7679630267603483,8.418187400260035,3.776123046875,3.259999990463257,5.182290554046631,-0.04181627929210663
3.9878880670381833,1.7679630267603483,8.418187400260035,3.776123046875,3.259999990463257,5.182290554046631,-0.04181627929210663
