4.655885188746107,1.746841438577142,24.193763886887627,1.0652923583984375,0.5,1.5,3.013753890991211
6.108469201750746,1.8131621594213052,45.31941368491118,1.8421401977539062,0.816866397857666,0.6000000238418579,-0.04042360931634903
-13.400418108171923,2.7993779309045914,104.15549753989727,2.1345999240875244,0.8454728722572327,0.6599936485290527,-3.118253469467163
6.195000877231462,1.648365450003482,25.539895913506264,1.883087158203125,0.7514560222625732,0.6000000238418579,3.1250219345092773
-8.591886838283418,2.5242501883666337,77.48720477887173,1.6878814697265625,2.51898455619812,4.6982316970825195,3.134044885635376
2.595846357785648,2.424684196178722,82.27164936022055,1.5331802368164062,1.9002000093460083,4.686368942260742,0.013846677727997303
-8.1804078634396,3.0624172685216404,113.34652099524827,1.5417327880859375,2.0784409046173096,5.3377366065979,-3.1320807933807373
-9.266160402829444,2.194137179271892,34.81955764515014,1.8803787231445312,1.7932181358337402,4.571427822113037,-3.1397039890289307
-9.312494293931326,2.0723752969665328,24.715928431750932,1.60211181640625,1.7400000095367432,4.03000020980835,3.1412854194641113
-9.346646430153267,2.234365344653766,41.17605714806812,2.0290679931640625,2.081430196762085,4.548495292663574,-3.1250808238983154
-10.991591691797563,2.52755211577346,67.10914247546283,1.7529678344726562,2.4164392948150635,5.234636306762695,2.0683279037475586
-5.190734362665668,3.120568267570336,123.23748082955983,2.1491851806640625,2.102728843688965,5.420762062072754,-3.1247339248657227
-4.691293803854223,2.5449965071856453,87.2372287592172,1.4472274780273438,2.0706896781921387,4.842521667480469,-3.1331465244293213
2.6788543955553052,1.7079940376454004,6.157609316260723,1.6094970703125,1.7400000095367432,4.0849761962890625,0.030940812081098557
2.6562234482401603,1.842261976186686,28.728258802843882,1.4672775268554688,1.877363920211792,4.799947261810303,0.011752547696232796
-9.312494293931326,2.0723752969665328,24.715928431750932,1.60211181640625,1.7400000095367432,4.03000020980835,3.1412854194641113
-9.088186543878482,2.718320976835998,89.54503481284402,1.759033203125,1.868781566619873,4.576385021209717,-3.1146738529205322
-0.8050693783585391,2.0909077340317523,54.34088586704439,2.0615921020507812,2.276944637298584,4.03000020980835,0.04596684128046036
10.492501366437805,2.0388983505559937,75.35528822897122,1.4924774169921875,1.7400000095367432,4.117244243621826,1.6463984251022339
-9.191311525912576,2.1212511659861564,29.20394064842983,1.7212600708007812,1.7400000095367432,4.419546127319336,-3.13006854057312
3.043060605801563,2.1081334294790093,53.326631012140425,2.515700101852417,2.730060338973999,6.866875171661377,-3.1270599365234375
