-15.158299949514582,1.6133745562897563,36.939667676091304,1.9215011596679688,1.0370597839355469,0.7771857380867004,-3.104548215866089
-13.34685336376215,1.6816768047310977,38.041906514088076,1.5,0.6000000238418579,0.9103877544403076,-1.5420907735824585
-15.178572811374307,1.603570929239968,35.478783153102256,1.6974058151245117,0.7941656112670898,0.6000000238418579,-3.0868918895721436
10.900983247371812,1.6140129575507989,32.141065110481364,1.7456245422363281,0.7631181478500366,0.7363860607147217,0.34087085723876953
-13.362443347848771,1.6984052146294384,46.03046746085253,1.5,0.7985000610351562,1.1343588829040527,-1.5509631633758545
7.159448730205166,1.7343099369513317,60.2921225637747,1.4314184188842773,1.7400000095367432,4.633563995361328,0.015383075922727585
7.509255153578242,1.5772042344195474,84.51310529097287,2.105402946472168,2.2558202743530273,4.952780246734619,0.022972485050559044
-11.481935238142487,1.5933201286834127,75.21891743375379,1.409999966621399,1.7400000095367432,4.5954813957214355,3.1037275791168213
-4.402467380916285,1.3967422954274546,127.55070051794067,1.4297466278076172,2.0488579273223877,5.227120399475098,-3.125032663345337
6.999544125499338,1.6187152772926825,77.1500323631916,1.711390495300293,1.861473798751831,4.989219665527344,0.012674757279455662
-11.385701644034684,1.600388849671794,88.07056536991554,1.4330272674560547,1.7400000095367432,4.60178279876709,-3.126574754714966
7.162581651842971,1.7507181627461286,47.158883072010916,1.6852712631225586,2.3155221939086914,4.592313766479492,-0.004709990695118904
7.189522848344831,1.7717622022812756,53.434440559451296,2.0103378295898438,2.186380386352539,4.290783405303955,-0.0016863717464730144
-11.828481966065103,1.631369037636448,69.38608168302,1.5153226852416992,1.783426284790039,4.2803215980529785,-3.1415727138519287
0.4636539323831125,1.6015442019595585,58.90884757611791,2.515700101852417,2.3025336265563965,4.420836448669434,-0.00880974531173706
-11.865843670506186,1.6635053500200496,61.77468916758877,1.7752809524536133,2.6001620292663574,5.193272590637207,-3.1297507286071777
3.320229701611392,1.5094851494061223,86.42722270791617,2.2679548263549805,2.53939151763916,4.937465190887451,-0.015013554133474827
-4.947768801946116,1.610810735711798,55.11996619068784,1.6100444793701172,2.353391170501709,5.124262809753418,-3.1337289810180664
-11.383277712491747,1.6038448245267123,81.66744164840095,1.863245964050293,1.8287523984909058,5.4867048263549805,-3.1339569091796875
-7.840870632849794,1.5066128008417454,85.89050652467276,3.190953254699707,3.259999990463257,11.326641082763672,-3.1383986473083496
