-2.953721949114254,1.3042684539460252,60.80604276096263,1.767843246459961,0.8029860258102417,1.0669300556182861,0.15359264612197876
-4.488986022976289,1.2232366551251475,61.43795422674009,1.7057628631591797,0.9978675842285156,0.7678647637367249,-0.0732182040810585
-6.524062987759221,1.2408883453131676,42.025735008556644,1.5,1.243499994277954,1.051248550415039,-2.9124233722686768
4.302709542667907,1.6161693164244668,27.82827912112646,1.7277030944824219,2.095339298248291,4.03000020980835,-0.04254160076379776
0.6681880512629106,1.6034050363716852,20.98732051580507,1.721719741821289,2.1017394065856934,5.063372611999512,0.0011997879482805729
7.049238616292188,1.33932130746313,69.00455189078583,2.217823028564453,1.9882638454437256,4.03000020980835,-0.04395544156432152
3.1843609704553764,0.6709492288121266,130.22796139060765,2.2764739990234375,2.1374030113220215,6.054847717285156,-0.07140344381332397
5.163652725546908,1.6173785649866632,40.597067011365816,2.071626663208008,1.9743009805679321,4.03000020980835,-0.04276156798005104
-4.23788621660511,1.3373646412045161,74.17824144230472,1.409999966621399,1.7400000095367432,6.403726100921631,-1.643446445465088
4.046532616517472,1.5627591764377364,21.10304941424445,1.4323577880859375,1.814942479133606,4.545243263244629,-0.06843679398298264
