-30.363290960455743,3.7693275831864312,79.78402068651647,1.8461408615112305,0.6187763810157776,1.0324000120162964,-1.8648273944854736
7.417125206732924,2.3488012262390106,52.49689403869586,2.4305009841918945,2.4612255096435547,5.199391841888428,-0.014268878847360611
-6.796380383489669,2.5437050501272562,62.004317292950056,1.687173843383789,1.7599451541900635,4.03000020980835,0.03551418334245682
-7.135886132051906,2.335898974258334,37.40414534437119,2.515700101852417,3.0,5.8045430183410645,0.025491686537861824
-6.673577569300704,2.421476374619356,46.9060771610993,1.409999966621399,1.7404232025146484,4.213749885559082,0.03805476799607277
-7.040457725229075,2.4970950812873367,53.23109962817262,1.7083911895751953,1.7400000095367432,4.03000020980835,0.012491429224610329
-7.083835278925513,2.171245396909227,24.840056604680452,1.530543327331543,2.2881076335906982,4.736541748046875,0.03247277811169624
6.921113124342567,1.9732353684650592,21.025186594711098,1.409999966621399,1.7400000095367432,4.594605445861816,-0.0001353845582343638
7.417125206732924,2.3488012262390106,52.49689403869586,2.4305009841918945,2.4612255096435547,5.199391841888428,-0.014268878847360611
-4.13487898033064,3.1619471072141714,120.03687087747656,1.409999966621399,2.2575204372406006,4.03000020980835,-0.005809872876852751
9.230148714089554,3.3671234653448767,138.63810168064063,1.772597312927246,2.226567268371582,4.03000020980835,-0.09543216228485107
-32.886252124328784,3.8614099131229693,83.2268635426593,2.3272457122802734,2.2063605785369873,7.020100116729736,-1.8540112972259521
6.921113124342567,1.9732353684650592,21.025186594711098,1.409999966621399,1.7400000095367432,4.594605445861816,-0.0001353845582343638
-7.179311516549295,2.0704967010968227,17.813172881654168,1.4493064880371094,2.4572317600250244,4.695539474487305,0.06322994828224182
7.444630673330346,2.275137893987824,45.60466188543551,1.7820396423339844,2.2938857078552246,4.383260250091553,-0.030673498287796974
-32.886252124328784,3.8614099131229693,83.2268635426593,2.3272457122802734,2.2063605785369873,7.020100116729736,-1.8540112972259521
