3.403861358549445,1.4528586752870924,119.37194956678891,1.7016944885253906,0.8437700271606445,0.8170880675315857,-0.35763242840766907
1.9334878391321932,1.4891125834586343,124.47451391034924,1.6677627563476562,1.2159851789474487,0.6000000238418579,-0.22464948892593384
3.403861358549445,1.4528586752870924,119.37194956678891,1.7016944885253906,0.8437700271606445,0.8170880675315857,-0.35763242840766907
-1.6585496292435153,1.5685768797965656,140.08909788468262,1.7494478225708008,1.243499994277954,1.3342218399047852,-2.9128100872039795
-1.1834930654715645,1.4934186444444282,126.0403912542754,1.7457828521728516,0.8524031639099121,0.6000000238418579,-0.01805734820663929
3.403861358549445,1.4528586752870924,119.37194956678891,1.7016944885253906,0.8437700271606445,0.8170880675315857,-0.35763242840766907
5.7133573887828275,1.20177583313819,124.4207915574769,1.5409126281738281,0.9240220189094543,0.7949661016464233,0.027577457949519157
5.016175066903841,1.2273337015375332,125.88365126152688,1.5,1.0582289695739746,1.073503851890564,0.07767484337091446
-6.545046802561624,2.5142380824430157,53.308038988844764,2.2535104751586914,2.507072925567627,5.857743740081787,-3.1275854110717773
-6.747171316597712,2.3601242837576004,27.543442500492358,2.221738815307617,2.1370749473571777,6.266031265258789,-3.1399757862091064
-6.539150100381792,2.425819842288874,45.9372754642351,1.8680353164672852,2.1308164596557617,5.562614917755127,-3.110596179962158
-15.426028356780492,2.2136339167466508,41.86527576754675,1.843672752380371,1.9250696897506714,5.0203447341918945,-1.479668378829956
-2.7161823755630166,2.237680820170829,65.4669089325911,1.9893207550048828,2.2119998931884766,5.5738983154296875,3.1378843784332275
-15.426028356780492,2.2136339167466508,41.86527576754675,1.843672752380371,1.9250696897506714,5.0203447341918945,-1.479668378829956
0.3716192599129133,1.4136104944971883,133.9866229003322,3.267441749572754,2.953446626663208,9.5,-0.028551528230309486
1.6183663431434465,1.9474589779998843,94.76822048454942,1.2156000137329102,1.1462762355804443,1.1872223615646362,0.009518754668533802
