-11.14794334619806,1.8652404908916171,35.56756823741459,2.1300792694091797,0.6000000238418579,0.6000000238418579,-1.7007997035980225
-10.58016098253209,1.877792850207166,39.533270490833594,1.6940670013427734,0.6000000238418579,0.6000000238418579,3.1123745441436768
-10.304348054293692,1.8558538188796199,35.85732794187921,1.7227916717529297,0.6000000238418579,0.6000000238418579,-2.8376882076263428
-9.271966104889913,1.9406090135742706,47.05870410302187,1.8523845672607422,0.6145808696746826,0.6000000238418579,-0.05801314115524292
10.243459127766814,1.4754265316787418,32.397374602530675,1.8626079559326172,1.0109870433807373,0.6000000238418579,3.1100220680236816
4.144290143719326,1.7227700467790932,13.997232170762697,1.409999966621399,1.7400000095367432,4.03000020980835,0.008319100365042686
11.078502982443949,1.6288734974643533,55.615638585755136,1.6285514831542969,0.6000000238418579,0.6000000238418579,3.1161508560180664
3.4583742656200966,1.7904337901127971,33.972605564448564,1.72979736328125,1.015106439590454,0.9378402829170227,-1.3760794401168823
-9.624354137373887,1.8767828443609238,32.00884977565685,2.0797176361083984,0.6000000238418579,0.6000000238418579,3.0207602977752686
-5.612527025563235,1.8890605642542475,10.316115509255718,1.4221305847167969,1.7400000095367432,4.052375793457031,3.113104820251465
0.2238674079609225,1.74538337837213,21.489849748490876,1.4545135498046875,1.8714377880096436,4.03000020980835,-0.04881555959582329
5.961721214685916,1.9106671722497992,80.89207530635748,1.409999966621399,1.7400000095367432,4.03000020980835,-0.0029182869475334883
4.144290143719326,1.7227700467790932,13.997232170762697,1.409999966621399,1.7400000095367432,4.03000020980835,0.008319100365042686
4.670156395703572,1.7839303577942418,34.800278994310375,1.4989376068115234,1.9694569110870361,4.03000020980835,-0.044347770512104034
4.029639630176506,1.8198546907901794,95.15092110758594,1.8824596405029297,2.038689136505127,4.200904369354248,-0.12500853836536407
-3.7253329172796037,2.053863599992851,50.72949322873822,1.7881031036376953,2.361818790435791,4.866131782531738,3.0966432094573975
-0.08739240666547199,1.9371309011798752,111.55064016126389,1.409999966621399,1.7400000095367432,5.171889305114746,1.7588410377502441
4.906525879120827,1.902225543235132,53.23371373203989,1.409999966621399,1.7400000095367432,4.03000020980835,0.1350218802690506
4.144290143719326,1.7227700467790932,13.997232170762697,1.409999966621399,1.7400000095367432,4.03000020980835,0.008319100365042686
