-10.590576917952585,0.8978812393516036,110.40211094937808,3.140336751937866,1.7400000095367432,6.328545570373535,-1.5160744190216064
6.534547129174281,1.2225347987729172,104.5116360423324,3.2348008155822754,2.007725715637207,7.612284183502197,1.541451096534729
-2.4151392136693013,1.4317980707031221,75.94701887268418,1.6800837516784668,0.7530028223991394,1.0305886268615723,-1.3602116107940674
-4.975946453916301,1.428909114522209,75.32564435185374,1.8009471893310547,0.8724792003631592,1.0113650560379028,-1.403104543685913
-0.5155172486871274,1.436650860198457,78.85412944384385,1.8668203353881836,0.6164140105247498,1.0451451539993286,-1.3424869775772095
-0.27641774468448355,1.441165377240987,77.8744932998341,1.6707172393798828,0.6514409184455872,1.025511384010315,-1.341396450996399
1.1074675882687028,1.4603167853886347,78.90855561944893,1.6712875366210938,0.6985589861869812,1.0229207277297974,-1.328912377357483
1.816756080719601,1.4806155388096136,78.17593604866606,1.835531234741211,0.7551695704460144,1.1227797269821167,-1.367429494857788
-2.573629197066301,1.2886523375564436,90.9836271700851,1.7831568717956543,0.7812566757202148,1.0515248775482178,-1.2118330001831055
-0.38830500553508,0.4656342287580765,127.7992500674168,1.567521333694458,0.9647840857505798,1.4164999723434448,1.7990318536758423
7.167463265168196,1.4898892895207114,94.14234483819999,1.9994401931762695,1.7400000095367432,4.379506587982178,-1.5417933464050293
8.941585081499941,1.8028655887180283,22.48614266974359,1.4224181175231934,1.7483603954315186,4.03000020980835,1.5751794576644897
8.941585081499941,1.8028655887180283,22.48614266974359,1.4224181175231934,1.7483603954315186,4.03000020980835,1.5751794576644897
8.559606307646723,1.79762024817993,28.044843699102515,1.776857852935791,1.9091308116912842,4.03000020980835,-1.5506300926208496
-9.93156543240869,1.6205902386808404,25.92101520459348,1.409999966621399,1.8263972997665405,4.05341100692749,-1.5854928493499756
-6.93999604997763,1.4054969688051104,79.08672559631914,1.4911530017852783,2.614598274230957,4.731459140777588,3.096586227416992
-6.7667456613366745,1.5867696401515494,40.64128666015423,1.5972537994384766,2.102755069732666,4.03000020980835,-3.1146950721740723
-1.3009657750708896,0.6806228703013555,117.16882125232817,1.4446771144866943,2.4268875122070312,4.03000020980835,0.026477061212062836
1.682168746422485,1.5144524898398681,67.2858042697638,1.4802005290985107,1.7400000095367432,4.129385948181152,0.041018739342689514
3.8496904848964095,0.05651673184425898,146.29624460304024,2.238898515701294,1.7400000095367432,4.03000020980835,1.561628818511963
-6.529814381840699,1.5016027301312995,53.469934262890746,1.4958019256591797,1.9175047874450684,4.03000020980835,3.103654384613037
-9.93156543240869,1.6205902386808404,25.92101520459348,1.409999966621399,1.8263972997665405,4.05341100692749,-1.5854928493499756
3.436217360857836,1.7033131508326704,22.867145727959162,2.0305685997009277,2.195793390274048,5.8986382484436035,0.034381963312625885
-10.291710487227606,1.628824669014692,32.5302829146451,1.8729102611541748,2.115333318710327,5.369721412658691,-1.560027837753296
8.941585081499941,1.8028655887180283,22.48614266974359,1.4224181175231934,1.7483603954315186,4.03000020980835,1.5751794576644897
2.832514668982731,1.5830868796228,57.1729147226952,1.4275050163269043,1.9458510875701904,4.03000020980835,0.0026312905829399824
-10.706202672032356,1.1647812404296674,97.72322686090418,2.1271045207977295,1.2121891975402832,2.3980369567871094,1.5238524675369263
