-4.299433877602409,1.7426760327595083,19.702070758632853,1.5849056243896484,0.8249886631965637,0.8413093686103821,0.7498348355293274
-10.326012108496156,1.9935874927766037,60.635299959438434,1.4984703063964844,1.7675447463989258,4.03000020980835,3.1396713256835938
-0.28649861717768,1.6936417676860531,16.075668973993757,1.4562568664550781,1.8242580890655518,4.307342529296875,0.015752695500850677
3.011470792237138,1.6374020456298946,14.339690902015434,1.6757965087890625,2.036900520324707,4.549555778503418,-0.014667589217424393
3.3854554005412982,1.6152091897483745,24.19817233930244,1.6871356964111328,2.2002291679382324,4.087759017944336,-0.0074469903483986855
-10.479224221209098,1.9063414251911532,23.71197655362699,1.46307373046875,2.0841407775878906,4.398070335388184,-3.1324551105499268
-10.635085061578373,1.8704826766768843,38.2453191451477,1.9989242553710938,2.133098840713501,4.8326544761657715,3.1397836208343506
-10.471944549968295,2.135514765586128,74.02567826245141,1.5109977722167969,1.7400000095367432,4.03000020980835,3.134838819503784
-9.850022492820798,2.448901690716978,98.60347783609497,1.9720592498779297,1.7400000095367432,4.03000020980835,-3.114511728286743
-10.512025119824706,1.8862305557344,30.11586694908953,1.7516632080078125,2.040186882019043,4.391725540161133,-3.1071436405181885
-9.850022492820798,2.448901690716978,98.60347783609497,1.9720592498779297,1.7400000095367432,4.03000020980835,-3.114511728286743
-0.28649861717768,1.6936417676860531,16.075668973993757,1.4562568664550781,1.8242580890655518,4.307342529296875,0.015752695500850677
3.0239781802271115,1.6197585837942565,30.02970054871268,1.9750556945800781,2.3880109786987305,4.892622947692871,-0.006958216428756714
-11.005957868616004,1.958911089740546,54.84866718319806,1.4640312194824219,1.9165594577789307,4.03000020980835,-3.137288808822632
-10.712049021152612,2.0775397842682586,68.77414296141131,1.508514404296875,1.7400000095367432,4.03000020980835,-3.13820481300354
0.05336412685039971,1.647089354286514,41.15077964481303,1.9664020538330078,2.226130485534668,5.414530277252197,0.003141047665849328
2.9712089407948934,1.617744767303887,8.407065929411765,1.409999966621399,1.8177803754806519,4.369621276855469,-0.034521106630563736
-9.405153915709985,2.2120331186593827,82.65942700711618,1.7571163177490234,1.9764838218688965,4.366202354431152,-3.1253325939178467
