13.493799393253944,2.0658983407618843,90.8197778858245,3.127981185913086,2.4166080951690674,4.505346298217773,-0.9604719281196594
8.461659684596116,2.2451536587404894,94.27105824775788,1.5954456329345703,0.9159597158432007,0.6207575798034668,-0.027320541441440582
-11.714912885539556,1.7624787842454332,28.378699956649115,1.6949234008789062,0.7390989065170288,0.6000000238418579,-0.18104349076747894
-10.925542696319225,1.7657280900113737,29.450969098660877,1.7298126220703125,0.6471552848815918,0.6207212805747986,2.270456552505493
8.753569136478509,1.7007627037226642,42.54765439348374,1.7076644897460938,0.7006001472473145,0.6000000238418579,-0.03760865330696106
-2.7003257807695644,2.126180211522226,76.3680398683562,1.5109329223632812,2.3344898223876953,4.03000020980835,3.12750244140625
3.355985144698147,2.3728454023999666,150.49956204216872,1.409999966621399,2.077113151550293,4.03000020980835,-0.03457685932517052
5.248449701697404,2.34367872060259,132.1896305884563,1.5288257598876953,2.222782850265503,4.03000020980835,-0.03457685932517052
19.945789676755094,1.8907449469163682,110.6179071354672,1.409999966621399,1.7400000095367432,4.03000020980835,-0.04252208396792412
3.8823236081130887,2.038491140521934,69.46432900752737,2.032754898071289,1.940382719039917,4.03000020980835,0.04122697934508324
-3.6313688525368812,1.7059158352213242,17.516244459598735,1.8922405242919922,2.009638547897339,5.250898838043213,-0.9775663018226624
0.4537803894733803,2.24054385901216,90.16416822520145,1.6556072235107422,2.152965545654297,4.03000020980835,3.1152231693267822
