-10.202958802262536,2.4553166186602353,58.08131132392028,1.6884021759033203,0.7539058923721313,0.7638086676597595,-1.1593959331512451
10.986380664299544,1.5244877214042116,38.07736370271233,1.6336383819580078,0.6033155918121338,0.6000000238418579,-0.000168434766237624
-15.042783651814755,2.736886006597082,51.27542548129011,1.5,0.6401222944259644,0.6000000238418579,0.44686561822891235
-15.042783651814755,2.736886006597082,51.27542548129011,1.5,0.6401222944259644,0.6000000238418579,0.44686561822891235
10.986380664299544,1.5244877214042116,38.07736370271233,1.6336383819580078,0.6033155918121338,0.6000000238418579,-0.000168434766237624
6.507424088174159,1.7566278848719192,13.987436188871909,1.9845714569091797,2.2953169345855713,4.765690803527832,-0.0045003145933151245
-13.718258150480896,2.791618649752148,99.10989380848999,1.409999966621399,2.094799518585205,4.03000020980835,3.125274181365967
6.0398244385066615,2.021272401813083,133.77864365786073,1.4987335205078125,1.7400000095367432,4.03000020980835,0.02973068319261074
-13.406632292596806,2.8293508635050193,143.14942687244923,1.409999966621399,1.7400000095367432,4.03000020980835,3.1309614181518555
-13.913213966242807,2.714499235102243,34.90737464100754,1.4944896697998047,1.7400000095367432,4.03000020980835,3.1377081871032715
-14.055638635270466,2.709158432287322,40.287596798499635,1.7860584259033203,2.2131943702697754,4.361355781555176,3.1325387954711914
2.932203033587294,1.8029144805822348,11.947228029529503,1.5898799896240234,1.7400000095367432,4.03000020980835,0.04947546124458313
5.946699786231232,1.7863420268608774,43.55566006274746,2.001567840576172,1.7400000095367432,4.279162883758545,0.023975981399416924
6.378283403479606,1.76361870239458,37.542848809277324,1.8244266510009766,1.8979936838150024,4.164667129516602,0.032304730266332626
-13.850994302914659,2.8363265149808954,112.8886771660576,1.6738090515136719,2.118699312210083,4.03000020980835,3.1349480152130127
2.813978312052717,1.8501843957883486,35.88139313439244,1.6892375946044922,2.0077223777770996,4.03000020980835,0.013064105994999409
-18.125563179282373,2.87177265629239,43.09318265270994,1.80096435546875,0.6000000238418579,0.6000000238418579,-2.0593442916870117
-13.877644439652805,2.8625144472643473,131.395364072128,1.409999966621399,1.7400000095367432,4.03000020980835,3.1261866092681885
