4.181646968499168,1.4408568445979386,145.24829480620147,3.4930038452148438,1.7400000095367432,6.4549713134765625,1.6566098928451538
-20.4899166292774,1.6529207983135763,139.49221152191168,1.6465911865234375,1.184611201286316,0.8002829551696777,0.060378629714250565
-15.506053302148361,1.7938788789359013,36.988975250736864,1.830535888671875,0.8483364582061768,0.6000000238418579,0.06006544455885887
-19.95236259720066,1.6505470935898001,130.18299423250755,1.6735000610351562,1.0289214849472046,0.6000000238418579,0.07209690660238266
-2.011913710196381,1.8717455774880958,48.47553881856094,2.07781982421875,2.327517032623291,4.03000020980835,0.049868106842041016
-21.256206639854803,1.7849881717355107,61.18112105684811,1.7872047424316406,1.7400000095367432,4.03000020980835,-1.5077602863311768
6.1135409034331225,1.7468780655602423,43.486104092146796,1.7435340881347656,1.7400000095367432,4.03000020980835,1.6289747953414917
-20.82844435250445,1.7431386110249927,50.64699873274995,1.9109535217285156,1.7406184673309326,4.03000020980835,-1.5014474391937256
-6.801062054663767,1.8519545884436228,73.27757622013938,2.276500701904297,1.9683423042297363,4.10856819152832,0.07167714834213257
-24.655501390808734,1.6731658317701286,93.40313575879999,2.0804443359375,1.7400000095367432,4.03000020980835,-1.5598161220550537
-14.622593151253815,1.9104495950691098,82.17934023360579,1.5711441040039062,1.982863426208496,4.03000020980835,-3.0691592693328857
4.592526198412196,1.7233760753768648,52.52872936662777,1.8716239929199219,1.7400000095367432,4.03000020980835,-1.5091376304626465
2.110774086806604,1.2476132443251933,122.25931213459225,2.0599021911621094,2.784268856048584,6.473742485046387,-1.5073751211166382
-22.565884969268993,1.7550291633565227,96.34522112493914,2.4028358459472656,2.021977663040161,4.03000020980835,-1.5493377447128296
-10.867666433703556,1.6477358672313958,131.71994604437822,1.5855369567871094,2.0907578468322754,4.513757228851318,2.8274924755096436
4.343572794252778,1.9838995118188119,87.42980679727748,2.2650833129882812,1.7400000095367432,4.03000020980835,-1.5040251016616821
4.343572794252778,1.9838995118188119,87.42980679727748,2.2650833129882812,1.7400000095367432,4.03000020980835,-1.5040251016616821
-22.167878529296082,1.7474945914436701,56.33192554619693,1.5581436157226562,2.1853013038635254,4.03000020980835,-1.4929864406585693
