4.853871036266399,3.593972022411033,96.55555769832195,2.1345999240875244,0.8394371271133423,0.6000000238418579,0.03574172034859657
-8.256022001995419,2.735435816624233,23.59915854169158,1.851959228515625,1.0225865840911865,0.7473446130752563,3.1207640171051025
-13.597784521391166,3.4454315545781258,41.773666138414185,2.149860382080078,1.8770335912704468,4.719283103942871,-1.6355164051055908
-1.6128389147691828,3.8012437876892227,94.64568342279917,2.3240127563476562,2.797001361846924,4.03000020980835,0.00140257622115314
-4.114949598278315,2.860682980639195,47.38068150634639,1.8701438903808594,1.8452587127685547,4.03000020980835,-3.119292736053467
-1.309850447312924,3.7601366510475867,142.84339873820824,2.515700101852417,2.561051845550537,6.877154350280762,2.961543083190918
-7.283343540931331,4.030395961025275,98.11022908715438,2.515700101852417,1.7400000095367432,4.03000020980835,3.1356053352355957
1.4067111265758054,1.902948847694395,12.546376048670542,1.6028785705566406,2.109013557434082,4.03000020980835,0.014179924502968788
0.7204423700805593,2.9914768074655753,63.06005099982515,1.8499794006347656,1.9304921627044678,4.03000020980835,0.03297262266278267
-8.955902620925636,3.0284898355885086,27.3955527203194,1.6483573913574219,1.9149004220962524,4.033490180969238,-1.9101896286010742
-4.8682264466171645,4.0751994159920315,100.5850305292526,3.656726837158203,2.6395998001098633,9.5,3.129293441772461
