-6.798122221762844,0.8414683525851896,96.71939348270058,2.1345999240875244,1.1130735874176025,0.759864091873169,0.005276617128401995
-4.267365689003414,1.4300747878718718,42.7397291528886,1.9626388549804688,0.6000000238418579,0.6000000238418579,0.025896206498146057
-3.5028482984437557,1.1961637190851446,57.00578270818189,1.6203956604003906,0.8448489904403687,1.3483128547668457,1.5476750135421753
-4.527291074378214,1.3139690894893494,52.007776679183955,1.6313047409057617,1.7400000095367432,4.225266456604004,-0.009068451821804047
-4.77331067727798,1.658710785359959,21.13687906832824,1.473489761352539,1.7400000095367432,4.17612361907959,0.004110710229724646
-4.956060091438734,1.5168369750984358,32.744438810957305,1.6473579406738281,1.7400000095367432,4.5213470458984375,0.0031436546705663204
-5.191788785115869,1.7430173389701555,14.86098124675788,1.7440834045410156,1.8931856155395508,4.671298980712891,-0.005092520732432604
2.7201263063149947,1.400435458805585,34.03692902570855,1.7791271209716797,1.7400000095367432,4.105419635772705,-0.007382611744105816
-0.1094481680004944,1.3811865943283792,28.279854057357817,1.779038429260254,1.990751028060913,4.8499755859375,-0.0009220906067639589
4.326958749880911,0.29813481404349895,124.63084808918354,1.6007890701293945,1.934356689453125,4.03000020980835,-0.00968889333307743
2.8189721690755647,1.5326798488167537,13.46394011998578,2.09097957611084,2.226409435272217,5.623196601867676,-0.0039351936429739
-5.021458011771908,1.5217387241930287,39.28888352783617,2.4422054290771484,1.930768370628357,4.254621982574463,0.0013431746046990156
-3.6191672997736015,0.81730705186456,99.05617023014833,2.515700101852417,2.588186264038086,4.505236625671387,-0.010765454731881618
-4.685181397411037,1.4256470475802063,45.177432444681806,2.084803581237793,1.8250250816345215,4.939287185668945,-0.004754033405333757
3.7947240841798253,0.9587992451685918,65.5491849161152,2.088550567626953,2.4363017082214355,4.582335472106934,8.975598029792309e-05
-5.100923837754983,1.5946406734691927,26.1421604982772,1.653055191040039,1.7400000095367432,4.242849349975586,-0.014099071733653545
