7.70203114876612,1.2073884500601961,86.41728690269234,1.7443084716796875,1.243499994277954,1.128404974937439,-0.16304650902748108
8.957817955961014,1.1576776663438846,87.3067140827981,1.75927734375,0.8868672847747803,0.6080940961837769,3.012739896774292
-13.169934201293106,1.7128364361160422,84.71490804225103,1.6078433990478516,0.957467794418335,0.6000000238418579,0.023798717185854912
-9.840526007351627,2.020134779671676,22.013009220253455,1.7318191528320312,2.064180374145508,5.536813735961914,-3.119597911834717
0.08990860941168954,1.2130586523773421,96.8429636914943,1.5164299011230469,1.9418714046478271,4.03000020980835,0.016224022954702377
3.4951554469174573,1.4572079608635429,70.4138326880697,1.6331825256347656,1.8230552673339844,4.316140174865723,0.03346800059080124
-0.06454649842880969,1.6938673204364085,28.71641143053452,1.4987030029296875,1.9223954677581787,4.517221450805664,0.03505054488778114
2.9085954721975247,1.7036621711446966,12.298114544059946,1.8415679931640625,1.7400000095367432,4.850462913513184,0.04718346521258354
0.08990860941168954,1.2130586523773421,96.8429636914943,1.5164299011230469,1.9418714046478271,4.03000020980835,0.016224022954702377
3.2041008846386743,1.0630882141694502,111.50687400047991,1.7104053497314453,2.10992169380188,4.03000020980835,0.041523341089487076
