18.478130831814408,1.1956570566894928,43.55152645894484,2.870205879211426,2.8097352981567383,5.444949626922607,0.14610795676708221
3.595548509042154,1.8190172208836213,60.39373532013244,1.6167840957641602,1.7400000095367432,4.03000020980835,0.001692937221378088
11.048712924904828,1.4815999402336342,55.988166198114556,2.1345999240875244,0.9776670336723328,0.840516209602356,3.0654728412628174
3.8502382426621593,1.7822535677983165,26.50486233312795,1.7794923782348633,1.8214247226715088,4.675911903381348,0.027017774060368538
-7.040392762767868,1.9554415916376344,84.28875931837725,1.8440561294555664,2.0393576622009277,4.03000020980835,-3.1315531730651855
12.194830102119047,1.446959881900165,41.5464841753866,1.4978446960449219,1.8109692335128784,4.565361976623535,0.12891927361488342
4.0486182509384046,1.8156301348850143,44.145827326306154,1.6572532653808594,1.7400000095367432,4.049623489379883,-0.018592171370983124
-2.6373428320106953,1.8025658154512734,40.91712888619796,1.4400653839111328,1.7400000095367432,4.162806034088135,-0.008315559476613998
-2.040194425877073,1.7835927456799159,63.63204233104477,1.4569015502929688,1.7400000095367432,4.101635932922363,-0.0188420582562685
-2.9800590182267714,1.7908198701607012,13.855421332787868,1.7097406387329102,1.7713685035705566,4.554936408996582,-0.007972248829901218
-7.040392762767868,1.9554415916376344,84.28875931837725,1.8440561294555664,2.0393576622009277,4.03000020980835,-3.1315531730651855
18.478130831814408,1.1956570566894928,43.55152645894484,2.870205879211426,2.8097352981567383,5.444949626922607,0.14610795676708221
0.42618899841707836,1.8184092117932673,19.720992607866435,1.747091293334961,1.9775617122650146,4.03000020980835,-0.0061568901874125
-3.2552880049188273,1.8205553224726314,23.324194529886825,1.5081548690795898,1.7400000095367432,4.463039398193359,-0.00888030044734478
14.892706016969669,1.4698164001923817,53.78106739841396,1.873978614807129,2.208982467651367,4.854280471801758,-1.5567492246627808
-14.029804192713822,2.2462629628154023,121.9506776188822,1.409999966621399,1.9480059146881104,4.9841461181640625,-3.128415822982788
