30.739920327594483,2.3321202953651756,74.25872821649246,2.50042724609375,1.9886929988861084,5.713831901550293,2.212329626083374
20.6757340004484,2.3542888343876065,66.32182545652141,1.409999966621399,1.881964921951294,4.547424793243408,2.194059371948242
20.6757340004484,2.3542888343876065,66.32182545652141,1.409999966621399,1.881964921951294,4.547424793243408,2.194059371948242
-33.900527783788974,4.541140299678143,118.60935980181493,1.7174739837646484,1.7400000095367432,4.03000020980835,2.5150256156921387
4.506692313068581,2.113217869486162,31.809849811885087,1.4852352142333984,1.7400000095367432,4.03000020980835,-0.20644718408584595
-33.900527783788974,4.541140299678143,118.60935980181493,1.7174739837646484,1.7400000095367432,4.03000020980835,2.5150256156921387
-26.883416739202534,4.379772372454324,114.84919821415126,1.6794986724853516,1.7400000095367432,4.03000020980835,2.516960382461548
-19.70338540685749,4.102301651964251,109.62202637510569,1.7000713348388672,1.7400000095367432,5.877015113830566,2.515739679336548
9.546087468928963,2.427637826467971,57.23241043783927,1.4366035461425781,1.9076640605926514,4.249231338500977,2.305982828140259
12.072799794907795,2.543639158489059,63.88888106026842,1.825307846069336,1.7400000095367432,4.03000020980835,2.2186594009399414
15.24238447240034,2.361402475994216,61.57757026244798,1.624114990234375,1.7400000095367432,4.263419151306152,2.23390531539917
-2.370214147738869,2.477870424013964,44.76997059544034,4.18098258972168,3.259999990463257,6.4448161125183105,2.46840763092041
1.590335723133322,2.470127468645676,49.61758325161233,4.105356216430664,3.263400077819824,10.170000076293945,2.3944287300109863
