18.812538625882656,1.2222804664768976,99.44432702190082,2.672128677368164,2.9275879859924316,5.980373382568359,-0.11791463196277618
-6.8155437676008095,1.7576884317304058,45.322392077572204,1.8993415832519531,0.6811977624893188,0.7706193923950195,-2.888052225112915
11.606411958216812,0.9779182235660007,114.32436211389127,1.4778289794921875,1.9675612449645996,5.197880744934082,3.0067532062530518
15.359439329442887,1.1491759275763664,98.51131169955977,1.409999966621399,1.9384424686431885,4.814393043518066,-0.11689826101064682
0.128273027615332,1.701243174958722,18.89076722433538,1.704385757446289,2.063467025756836,4.853575706481934,3.0174055099487305
-3.5679072967439827,1.7743531836916708,15.992150632469208,1.4575824737548828,1.9241352081298828,4.993007659912109,3.009746551513672
20.211318286415278,1.343687512107472,61.7468309471274,2.027566909790039,1.7400000095367432,4.03000020980835,1.432573676109314
15.374375862972986,1.4465854653588415,71.67041644877878,1.9256343841552734,2.122995376586914,4.745574951171875,-0.11322226375341415
1.3281812652949279,1.664581035179984,26.770456338372224,1.7874298095703125,1.8809781074523926,4.060430526733398,3.043397903442383
-7.991414130498082,1.413672858415865,65.54189981752738,1.409999966621399,1.7400000095367432,4.03000020980835,1.4561817646026611
