-9.11866991011083,2.1247079534992244,145.95605584491852,3.3113479614257812,1.9666911363601685,5.569052696228027,-3.114283561706543
-3.537518956335508,2.0064983602153053,99.466909222096,3.6597137451171875,2.7884302139282227,9.449872970581055,-3.1364996433258057
-7.337117963924887,1.7820535350898035,23.68212809192589,2.2665939331054688,2.1965928077697754,4.489598274230957,-3.1168150901794434
-16.622586193144272,1.7524194379232232,85.8598922089336,1.409999966621399,1.7400000095367432,4.03000020980835,-1.49641752243042
4.460368712232129,1.8145015993319238,46.80395975231807,1.8697662353515625,1.8539912700653076,4.03000020980835,-0.0006547251250594854
4.065428816864567,2.190917561281725,105.14587325649218,2.0826797485351562,1.9055168628692627,4.03000020980835,0.033074989914894104
4.299622961786199,1.91063463006188,68.21320996149208,1.703216552734375,2.194321393966675,4.894364356994629,0.011581894010305405
4.725404738279079,1.7880779945496745,19.579777196033792,1.7354965209960938,2.2474045753479004,4.6711883544921875,0.011203583329916
-0.15007362760293008,1.8422118067196191,70.99190685977871,2.13543701171875,1.9491901397705078,4.34560489654541,0.011035777628421783
4.290296327422153,1.743430684752544,11.130822607783843,1.5135269165039062,1.971534013748169,4.723755836486816,0.012240501120686531
-7.685034257375109,1.8519672205226807,58.09446997177928,1.7325820922851562,1.9830782413482666,4.03000020980835,3.140610694885254
-7.618550671852885,1.81241409830527,16.899316768092078,1.6410369873046875,1.7400000095367432,4.104912281036377,3.1329240798950195
4.533294026364988,1.7893145612866383,32.00361059582327,1.8698883056640625,1.772416591644287,4.03000020980835,0.05887816473841667
