-21.62513601633384,1.7294412043073812,60.10333285796021,1.497708797454834,0.9714018106460571,2.099759578704834,1.2853294610977173
-21.547284409745444,1.7232768408865269,60.2597651621643,2.0250000953674316,0.9462675452232361,1.477189302444458,1.2750279903411865
-15.626651978158911,1.5835045554598697,48.95134832207921,1.7606756687164307,0.639952540397644,0.6449930667877197,-0.8039921522140503
-14.914705036983639,1.5985428608671697,48.40552840804951,1.5229182243347168,0.651925802230835,0.8188669681549072,-0.8047161102294922
6.8042727764517235,1.9736336026985133,20.863330427378873,1.5538902282714844,1.7400000095367432,4.3344316482543945,0.003597819246351719
-28.044574928358625,1.621731268814898,73.1172751237198,1.8234331607818604,1.830532431602478,5.681057453155518,1.5878537893295288
6.62538487152972,2.02820319109137,37.30314827491829,1.8880040645599365,1.8900270462036133,4.700368881225586,-0.01242564246058464
-34.39026991056724,1.6057082341666877,73.12528046652756,1.7272388935089111,1.7400000095367432,5.157644271850586,1.5766645669937134
-9.541312761365454,1.665153216206602,90.62390173004685,1.8559765815734863,1.7400000095367432,4.03000020980835,1.4327905178070068
6.745635230450161,2.0260685338431466,31.747707367796323,1.6081581115722656,1.7400000095367432,4.409134864807129,0.01502428762614727
6.639302109987494,2.01820959624718,47.490756072903075,1.7666912078857422,1.7400000095367432,4.03000020980835,0.023952621966600418
6.865455285794055,1.9504564852145765,15.252623337599328,1.5637898445129395,1.7400000095367432,4.326695442199707,0.06024542823433876
7.343776759343341,2.124234127982471,97.77539234668384,2.2039928436279297,2.1001338958740234,5.76192569732666,2.698734760284424
3.455124882807701,1.9467919404777343,90.8014761076121,1.457012414932251,2.382308006286621,4.627852916717529,2.6845598220825195
-17.807588382103308,1.586482733060949,69.0199820829053,1.782362699508667,1.7400000095367432,4.5832672119140625,1.5661532878875732
6.765061116715547,2.0219284732529608,26.363690428655346,1.5840747356414795,1.7400000095367432,4.221586227416992,-0.022450368851423264
6.745635230450161,2.0260685338431466,31.747707367796323,1.6081581115722656,1.7400000095367432,4.409134864807129,0.01502428762614727
11.00458085820131,2.263664782068938,105.04510415630413,1.527414321899414,2.1227619647979736,4.03000020980835,2.6839194297790527
0.4200340240454321,1.8705020118073261,85.15081736785348,1.4888916015625,2.0350289344787598,4.631121635437012,2.660111427307129
