-37.23477403904826,0.9664803642858395,149.50376245489116,3.1333112716674805,3.3302035331726074,12.416667938232422,1.9940741062164307
-57.15811063201775,1.5383613851734523,149.0677263762038,3.135451316833496,3.965527296066284,12.529714584350586,-2.873565196990967
-4.031348359175153,1.5539322302519922,51.89796599820996,1.6254558563232422,0.6000000238418579,0.8644722700119019,1.9364731311798096
-29.60424153790164,1.0404298685689124,121.08643230051271,1.824258804321289,0.836655855178833,0.6000000238418579,-2.7136728763580322
32.89938897317608,-0.9820263682203372,75.986323172931,1.5,0.8308019638061523,0.6000000238418579,2.7400295734405518
14.692138603419075,0.8731259991115117,44.60053577149943,1.7702388763427734,0.6000000238418579,0.9257025718688965,1.1137454509735107
-3.3051936338740595,1.323046603653398,59.0701647923176,1.6302413940429688,0.6000000238418579,0.6000000238418579,2.0167853832244873
21.55934878566265,0.26520563465027447,52.52013292918212,1.7526226043701172,0.6833764314651489,0.6000000238418579,2.7672808170318604
-8.150106502038305,1.4178854021617866,64.80535996195263,1.7717666625976562,0.8720135688781738,0.676408052444458,0.39982596039772034
21.814438154961568,0.28884397259807315,51.3774416206496,1.5,0.8558799028396606,0.8591675758361816,2.6579666137695312
-43.30223136396377,1.8053076735657232,102.20812557286331,2.0590248107910156,1.010542392730713,0.6107298731803894,0.37334683537483215
-43.30223136396377,1.8053076735657232,102.20812557286331,2.0590248107910156,1.010542392730713,0.6107298731803894,0.37334683537483215
38.217410760996316,-1.8378691551991153,88.9334955199581,1.7202720642089844,1.1846530437469482,0.6000000238418579,-0.37736061215400696
-3.1436689775525934,1.7785297639856688,2.943711103332479,1.4863224029541016,1.7400000095367432,4.761013984680176,0.009872903116047382
-42.056696709145285,1.4473395017970425,127.21257650381767,1.5201663970947266,2.0493004322052,4.947568893432617,3.044086456298828
-41.34543773042295,1.7355517798973974,113.42184285889907,1.740325927734375,2.0790412425994873,4.785905838012695,-2.749041795730591
-2.9609259059395248,1.795122931228012,13.659973441606384,1.8181304931640625,1.7773845195770264,4.287264347076416,0.005446106195449829
-12.903877953082919,1.6929249236646324,68.01162979428308,3.0,2.6577630043029785,9.5,0.39258939027786255
