-4.039371271260491,1.4858026795909298,36.39281254370723,1.6370935440063477,0.7178642153739929,0.8119206428527832,-1.8804314136505127
6.300756531732363,1.15102814186187,39.446484655584065,1.7181377410888672,0.9638490676879883,0.8912783861160278,0.01110008079558611
-5.796466581818901,1.595449396738613,35.69190419548291,1.7973432540893555,0.6847178936004639,0.7143465876579285,-1.8345712423324585
-2.8655765588153574,-0.13099188176730303,100.46997740187423,2.1260547637939453,2.6980783939361572,5.777788162231445,0.01615503430366516
-22.237980512994593,0.29425264715032995,95.69734049939404,1.613351821899414,2.114485263824463,4.772806644439697,-3.078112840652466
2.185039210398117,1.1997372914334117,45.2418478481277,1.8012151718139648,1.9856572151184082,4.03000020980835,0.10022728145122528
-7.921678048740719,0.19941409325927784,96.2447252596804,1.409999966621399,1.7400000095367432,4.03000020980835,0.03478729724884033
1.2707467697162778,0.6371803070526062,68.61297771013253,1.7058181762695312,1.9982452392578125,4.03000020980835,0.0715036541223526
-26.345226068577617,0.6591457638892169,84.11241301833503,1.409999966621399,1.9019088745117188,4.3240485191345215,-3.0232925415039062
-6.09577385375727,1.8117387661895181,17.978153908589967,1.8971900939941406,2.167445182800293,5.020342826843262,0.05999802425503731
-1.7308573120250974,0.8214504831476438,61.52983546663602,1.7273178100585938,2.215636730194092,4.03000020980835,0.04337155446410179
2.879760155051681,1.6945101051444045,6.404166829646104,1.6333255767822266,1.7400000095367432,4.50236701965332,0.03108743019402027
-4.4218223246075095,0.49814260519161535,77.5729650930699,2.1299314498901367,2.278669834136963,5.0388031005859375,0.023915022611618042
-7.197625750610035,1.4339255690403399,46.47421551201557,2.3372087478637695,2.236564874649048,4.1419677734375,0.05658452585339546
-7.590661467697787,0.8755909032041505,70.32468306701888,2.332617998123169,2.498258113861084,5.303037643432617,0.03185003623366356
