-4.278914576658612,1.3120146763129146,51.641517838943265,1.4528017044067383,0.9748514890670776,1.5,0.0038811860140413046
-4.325631489599683,1.312635778423842,51.71989435642692,1.9794464111328125,0.9723106622695923,1.2543774843215942,-0.007930218242108822
-4.275494221470098,1.652401924651934,12.832921077916417,1.791773796081543,0.7520325183868408,1.2171763181686401,-0.01359254214912653
-7.723718535653142,0.4560714030461881,142.44171718929485,2.1345999240875244,0.9570004343986511,0.6561300754547119,-0.0035846924874931574
-7.502593453645457,0.9328764610686351,78.95632364279155,1.8845224380493164,0.9421872496604919,0.6000000238418579,0.027584243565797806
-8.414477380488444,0.913795821536846,76.33288915678473,1.8567371368408203,0.7074835300445557,0.6458483338356018,0.01992829330265522
-9.230458459690974,0.42691849570687346,132.45634654270717,2.1345999240875244,1.2190020084381104,1.1707484722137451,-0.035762131214141846
-8.12450834947496,0.5322597625321848,130.15474149454894,2.1345999240875244,1.243499994277954,1.0642375946044922,-0.0017192481318488717
3.7420258850983914,0.9942414883289699,90.67255391908493,1.7098922729492188,1.7400000095367432,4.03000020980835,0.011297467164695263
10.551000308521408,1.74690734299798,33.06413208569295,1.7175846099853516,1.8038415908813477,4.314318656921387,1.5498276948928833
3.7474488546176317,0.8335007445710874,111.31607048185646,1.4710073471069336,1.7400000095367432,4.03000020980835,0.004857862368226051
-0.6437798610093224,1.0164533411858194,81.01914034165611,2.009462356567383,1.9334971904754639,4.03000020980835,0.016283167526125908
3.7474488546176317,0.8335007445710874,111.31607048185646,1.4710073471069336,1.7400000095367432,4.03000020980835,0.004857862368226051
9.787181700953312,1.6721432387528754,38.51037055308965,2.177218437194824,1.8672484159469604,4.03000020980835,-1.5370464324951172
3.7764871523682415,1.409535368791683,49.486198957672784,1.8981199264526367,1.8019227981567383,4.430261135101318,-0.03809187933802605
-1.7725655359107504,0.717566768805721,115.11458952093444,2.323245048522949,1.8964552879333496,4.03000020980835,0.017964858561754227
3.754933102748703,1.2632876737321972,67.29559168042637,1.9433517456054688,1.7400000095367432,4.433995723724365,-0.004520604386925697
