-4.352911718858557,-0.565855342360126,144.6020804182433,1.5,0.6747603416442871,0.7746994495391846,1.5491597652435303
-4.635586180710376,-0.48827599110708375,143.8121271567866,1.5,0.6726199388504028,0.8061742186546326,1.5318363904953003
30.276046535351167,-0.553356433077109,64.5066204236942,1.409999966621399,1.7400000095367432,4.656264305114746,1.567103624343872
-27.576602010004784,0.8883979997547962,130.31780668527782,1.8896160125732422,1.7400000095367432,4.03000020980835,-1.6839679479599
22.87923119899369,-0.10659825107201049,64.93720936501884,1.558349609375,1.7400000095367432,4.64977502822876,1.5777815580368042
-21.803396266398607,0.9372150729586972,120.53309070724066,1.5537052154541016,1.7400000095367432,4.502026557922363,-2.1111907958984375
-4.89219120981836,1.5040285891068006,21.201555187292037,1.4380321502685547,2.197237253189087,4.732114791870117,-0.05272071436047554
-11.443180722096729,0.9145016745592515,77.50482809257011,1.409999966621399,2.301164150238037,4.068553924560547,3.089259147644043
5.298720862049985,-0.32171865940492195,111.12828274581936,1.8456497192382812,1.820143222808838,4.5327253341674805,-0.13991974294185638
-2.588912971402633,1.703303629943187,6.286932482401812,1.599161148071289,1.802889347076416,4.03623104095459,-0.05257498472929001
30.4787368768303,-1.2773278939191952,136.17976006895213,1.492818832397461,1.7400000095367432,4.03000020980835,-1.486511468887329
3.3139258512957386,1.0114370744073877,39.5554199802179,1.9107818603515625,2.198319435119629,4.70090389251709,-0.1542789191007614
