13.995078266202597,1.350039669133107,47.885578826319204,1.5,0.7076497077941895,0.7604133486747742,1.5365040302276611
17.779631470139037,1.0112673364709668,49.832599323860656,1.7354087829589844,0.6479892134666443,0.6000000238418579,3.0537948608398438
19.47330034108379,0.8311035393695727,64.077318465978,1.789926528930664,0.6633824110031128,0.9315718412399292,1.5155600309371948
5.5759870665164195,1.4826746683897596,35.33492491161221,1.7283210754394531,1.7400000095367432,4.03000020980835,-0.031237177550792694
-1.8251833428180961,1.512870540962806,24.07817986660039,1.4612541198730469,1.8245198726654053,4.741489410400391,3.0542054176330566
9.326181532785885,1.5126508691500016,41.32375071709621,1.4731807708740234,1.9785268306732178,4.334725379943848,-0.04547552764415741
11.301507996052244,1.0158687772970794,73.22419227331665,2.148679733276367,2.2804055213928223,6.085384368896484,-0.06256615370512009
1.8943901173917836,1.5161937806001649,22.479205961068168,1.7583751678466797,2.156078815460205,4.491413116455078,3.1047964096069336
-11.391860219725746,-0.17662051390146205,124.35207106726072,1.440164566040039,1.7400000095367432,4.03000020980835,1.5290700197219849
2.1866834430341844,1.4019984528908762,35.70462619196526,3.0,2.9698214530944824,10.352460861206055,3.079134702682495
-3.668319773272098,0.09844617359059105,110.7074723926947,1.2156000137329102,0.5208399891853333,1.0786999464035034,-1.6405292749404907
-3.2026092932773933,0.1382563946936437,109.62712208182381,1.2342414855957031,0.47909998893737793,1.0786999464035034,-1.6451963186264038
-2.5756353084850137,-0.2800392867805823,133.0469872508199,2.6059000492095947,0.47909998893737793,1.5390129089355469,-1.6162588596343994
