6.758420838062321,1.9466711060825075,52.77542051652749,2.064056396484375,1.0419299602508545,0.9315180778503418,3.1284008026123047
-0.33091510848605044,2.2445903682772466,79.79043544727786,1.9521713256835938,1.9050863981246948,4.03000020980835,-0.08412384986877441
-6.404925268495002,1.8708061334069355,19.314290304859114,1.5024642944335938,1.781905174255371,4.524613380432129,-3.139507532119751
-1.0855474830489533,2.010342863893669,40.66957973156003,1.7427597045898438,1.9879002571105957,4.2261176109313965,-0.003875142429023981
-5.915233074548569,2.0000441082655094,35.318032572967205,1.7090568542480469,1.9637727737426758,4.127971649169922,-1.4701240062713623
-4.655969996534625,2.1707242506202022,58.95736780636433,1.9041748046875,2.02459716796875,4.5077056884765625,3.1225874423980713
1.8381008517423627,1.909255249783472,28.864073348598204,1.4841423034667969,2.04176926612854,4.03000020980835,-0.04156070575118065
-6.14666930488911,1.9426927658237825,26.397480097867046,1.6761283874511719,1.8322352170944214,4.656174659729004,3.112229347229004
2.3326909404696132,2.1210785124338627,56.65444058368125,2.1063270568847656,2.141167640686035,4.03000020980835,-0.02062416635453701
-5.694420616349909,2.1328984993413487,51.883892422927524,1.9092140197753906,2.427302122116089,5.539524078369141,3.041642189025879
1.3985272236111612,2.2979434523233513,88.62092933256731,1.6549453735351562,1.8855067491531372,4.03000020980835,-0.07600060105323792
