7.37771441093458,1.2101231410318627,32.48737695143596,1.5113296508789062,0.666498601436615,1.7687004804611206,-2.557405471801758
13.721054518011055,1.1263960218202125,119.74558019530576,3.4373836517333984,2.8344788551330566,7.092343330383301,0.006626226007938385
12.292898438610308,1.0197032324394422,71.58980530095484,1.7794437408447266,0.9598020315170288,0.8404446840286255,-0.009368197992444038
-15.545425078355334,1.53945205071025,144.59788892363446,2.005157470703125,0.8961755037307739,1.0134590864181519,-3.1047780513763428
3.7987316442875705,1.2992449277007883,61.960323873261004,2.515700101852417,2.184669017791748,5.1690778732299805,-0.0029150000773370266
3.362503458723044,1.4338237395385542,38.58207536022161,1.6331825256347656,1.8230552673339844,4.316140174865723,0.01700088381767273
-24.497473762430204,1.8359866775724143,127.47496932479214,1.9169769287109375,2.226606845855713,4.528107643127441,-1.555081844329834
-0.006584796628496009,1.5146052605342577,29.966894579597863,1.4987030029296875,1.9223954677581787,4.517221450805664,0.01586548238992691
-15.381737597992341,1.5353187457635897,144.51773405151815,1.9508094787597656,0.8515722751617432,1.2081122398376465,-3.0962982177734375
10.62490375387721,1.0698465668843746,66.75182346925479,1.2156000137329102,0.47909998893737793,1.0786999464035034,0.7293943762779236
9.240623206269595,1.1082148051815812,75.12976362083027,1.2475013732910156,0.49230825901031494,1.0786999464035034,-1.5656216144561768
-15.545425078355334,1.53945205071025,144.59788892363446,2.005157470703125,0.8961755037307739,1.0134590864181519,-3.1047780513763428
