-0.042094285921831925,1.588886913777557,13.822406856224818,3.651731491088867,2.794475555419922,4.03000020980835,0.017568515613675117
-7.177541778983628,2.035077402770688,18.07529265605511,1.7231311798095703,1.7975702285766602,4.222027778625488,3.110323905944824
-10.45838877577349,1.9132148805947569,36.92185463383988,1.8102569580078125,0.6290197968482971,0.6000000238418579,3.124875545501709
8.82608904554207,1.21843946787994,24.319901126635838,1.9495658874511719,0.6000000238418579,0.6268240213394165,-1.5815396308898926
-11.231172078854977,1.900623043894914,37.21179390677393,1.7457866668701172,0.6000000238418579,0.6000000238418579,3.1259384155273438
7.30203853671579,1.295824440044718,25.038813312857176,1.776346206665039,0.6000000238418579,0.6000000238418579,-0.10297471284866333
8.860651656920478,1.2021263218530573,26.38379340904908,1.8983745574951172,0.6764854192733765,0.6000000238418579,-1.6118319034576416
7.947199464766334,1.2577953852212942,25.520868399418898,1.7617645263671875,0.6504995822906494,0.6000000238418579,-0.04980750009417534
6.013797547300457,1.3567280901449474,25.397305614479517,2.0738658905029297,0.753115177154541,0.6000000238418579,3.0673649311065674
-3.6835957809282585,1.574698220392901,31.28525449563157,1.5384941101074219,1.8231079578399658,4.116604804992676,3.140378475189209
3.6699697793627757,1.6104313625720927,17.872113697880955,1.7097129821777344,1.7400000095367432,4.03000020980835,0.011855415999889374
3.7543514524444546,1.5319862928531771,22.961948249635988,1.7352333068847656,1.7400000095367432,4.03000020980835,0.012670018710196018
-7.136607678898192,1.9499826164242078,25.58798177157584,1.4403648376464844,1.954559564590454,4.253957271575928,-3.1411519050598145
-6.886381258789228,1.8853935353480997,31.26048158951364,1.473226547241211,1.7400000095367432,4.03000020980835,3.1325571537017822
3.9322207371788975,1.668581085671161,12.088922556220739,1.529886245727539,1.7400000095367432,4.03000020980835,0.039673786610364914
3.9322207371788975,1.668581085671161,12.088922556220739,1.529886245727539,1.7400000095367432,4.03000020980835,0.039673786610364914
-6.824316945984833,1.793923643694507,39.58825391086105,1.8478527069091797,1.7400000095367432,4.3180389404296875,3.129878520965576
