2.964132689224816,1.4760570295753208,121.29677641060908,1.3773307800292969,0.7052637338638306,1.5,1.9451981782913208
3.1943597179550007,1.4672471144378485,121.31931580526064,1.9447746276855469,0.6313074827194214,1.0939621925354004,1.949210524559021
3.9007405645136077,1.114742644485018,131.27119184206796,3.7003326416015625,2.531101703643799,9.573546409606934,2.253671884536743
17.401769326560117,1.094131728894201,107.53936853016427,1.6077766418457031,0.8878834247589111,0.6000000238418579,2.994110107421875
18.66881351900251,1.0090230840735686,109.87294987047832,2.0480613708496094,1.2273907661437988,0.7146650552749634,3.008676528930664
24.128109181979674,-0.261778265344887,142.74915965906985,1.9661026000976562,1.243499994277954,0.6730459928512573,-0.12799082696437836
-6.4769771343460985,1.9038162392601539,37.19529528955411,1.74835205078125,1.9488143920898438,4.582752227783203,-3.080796480178833
-2.6280249119503427,1.7551581814607982,33.242498779655165,1.7420806884765625,1.9811902046203613,4.235965728759766,0.00860823504626751
-5.904659721360315,1.8867871170657509,20.097232098300434,2.0025634765625,2.0650887489318848,5.429047584533691,-3.115799903869629
-1.8205144827296882,1.8387868654079744,19.22130663853411,1.4650421142578125,1.871410846710205,4.367918968200684,0.07212457805871964
18.91371629656606,0.5570943742124967,86.44535815968104,1.9377670288085938,1.8704649209976196,5.367770671844482,-1.7074774503707886
38.039125932303065,-0.5927229262054539,137.6180014450723,2.419342041015625,1.7400000095367432,5.605475425720215,-1.727700114250183
-0.9107357742123151,1.7972807445690204,96.63915949978215,1.7925949096679688,2.268707513809204,4.109649181365967,0.14989511668682098
3.6965842264544624,1.2737810325613945,126.44216467089456,1.6766319274902344,1.7400000095367432,4.03000020980835,2.2589287757873535
22.30458425694944,0.09512793381638573,110.18206559174202,2.009674072265625,1.7400000095367432,5.644366264343262,-1.7394880056381226
11.955969382830238,1.1088409506580295,27.87760634250108,1.6373443603515625,1.859403371810913,4.5040435791015625,1.5350966453552246
