-9.761709868101661,0.9016102661124696,123.34468452567252,2.4910621643066406,2.9058494567871094,7.031952857971191,3.136739492416382
-0.6874050922980366,1.5978974564898936,47.044983844726744,3.1930580139160156,2.947874069213867,5.985115051269531,0.013732354156672955
-9.535761797938648,1.2015427943100985,101.9315149462075,1.4234275817871094,2.352412700653076,4.03000020980835,-3.1217997074127197
-7.51809305580554,1.571646440344387,64.49298468912743,1.440847396850586,1.9826557636260986,5.246908664703369,-2.683617353439331
-15.306895530809918,1.4691698117614092,75.41249876066476,1.4999561309814453,1.9525249004364014,4.678908348083496,-1.6468467712402344
-9.535761797938648,1.2015427943100985,101.9315149462075,1.4234275817871094,2.352412700653076,4.03000020980835,-3.1217997074127197
-0.04413555248759965,1.6768907282875123,31.147992368921685,1.4559059143066406,2.080333948135376,4.03000020980835,-0.005571132060140371
-7.396894842912152,1.6799478835392194,42.71557945092236,1.4745426177978516,2.387594223022461,5.524477958679199,-3.119642496109009
3.490181438089351,1.245536381062019,82.59541667165055,1.7790145874023438,2.0116209983825684,5.417152404785156,-1.573055624961853
-6.130120936973502,1.1862579854726123,96.04646970377172,1.409999966621399,2.256551742553711,4.441668510437012,-3.1314728260040283
