3.6772608563762033,1.5212700721921133,20.001511486630243,1.5548591613769531,0.719752311706543,0.6000000238418579,2.5324947834014893
-15.15915025217217,1.6306354893164414,52.97454664085316,1.8626842498779297,0.6594867706298828,0.6000000238418579,0.02891034446656704
-15.607517253260063,1.5338409281593597,59.10169054530102,1.5785655975341797,0.6874372959136963,0.6000000238418579,0.020311053842306137
2.6094689698028697,1.3579973816916289,45.168499422168146,1.6068401336669922,0.952062726020813,0.674068808555603,-3.129112720489502
-16.003992759913594,1.6215917865465252,52.87348685271437,1.6979331970214844,0.9480266571044922,0.9244906902313232,0.019540848210453987
-15.879456380681958,1.4947302186218634,61.56376340946583,1.6908302307128906,0.6905717253684998,0.6000000238418579,0.022465765476226807
0.7300448800658226,1.4429513076297513,45.27189129483329,1.7118415832519531,2.366457223892212,4.03000020980835,-0.00912933237850666
-2.697602159291764,0.6401317714259807,121.64086658428522,1.7987842559814453,2.7721104621887207,4.03000020980835,-0.023103175684809685
3.8763827463327614,0.7370555675931965,95.58241334282376,1.6769676208496094,2.159284830093384,4.239311695098877,0.8020172119140625
-9.211323980728263,0.6623855502796783,138.55996924692752,1.6772747039794922,2.2775158882141113,4.9718170166015625,3.129560708999634
-9.137365585360675,1.0766455491057094,82.97930448700035,1.4878215789794922,2.101057767868042,5.2504072189331055,3.1193273067474365
13.564763928137285,0.50444909834596,91.98260513760538,1.4848918914794922,1.7400000095367432,4.842985153198242,1.335942029953003
-8.998454427366342,1.5612402204855815,46.74265533587178,1.9947090148925781,2.256619930267334,6.434069633483887,3.1391568183898926
