-16.381703299633575,0.16436439154516336,102.97721233127798,1.0582141876220703,1.0407154560089111,1.5,0.004258783999830484
-10.850889384101027,1.1881780945267622,50.920396943613994,3.653392791748047,3.1806492805480957,9.940930366516113,-3.1369197368621826
10.625977583536715,0.7548390957153401,51.63783162498888,1.7714424133300781,0.9613735675811768,0.6000000238418579,-3.1062374114990234
11.51865299877551,0.7580289245131269,51.19830943542603,1.9025897979736328,0.6000000238418579,0.6000000238418579,1.5775858163833618
-18.50845797420443,-0.3120437806202574,130.90004912065945,1.5,0.9141934514045715,0.6000000238418579,0.01638346165418625
2.8619551359732105,1.4996665647753957,18.734413217724207,1.5935840606689453,1.7400000095367432,4.03000020980835,0.008152151480317116
0.6620238516189333,1.1060613617164439,38.64443521598663,1.6976261138916016,1.9228570461273193,4.03000020980835,0.0017710757674649358
0.28691810443270677,1.559928244756059,12.37631410763187,1.4867267608642578,2.000649929046631,4.03000020980835,0.1390051543712616
3.177074078276129,1.5808862113598376,10.265525610155025,1.5027122497558594,1.7400000095367432,4.987165927886963,0.00025321083376184106
6.334194001367695,0.6133317808662326,69.38157315420867,1.6913375854492188,1.873741865158081,4.03000020980835,-0.00521636288613081
