-6.206152830901651,4.439662345439508,142.50352781896436,1.627197265625,1.7400000095367432,4.03000020980835,-3.0946223735809326
-3.2616345605429977,1.6366466254060263,8.9148100402838,1.6473617553710938,1.7611620426177979,4.791486740112305,-3.123871088027954
-8.818596309584915,2.6697856663742905,85.16594447346914,1.447845458984375,1.7400000095367432,4.03000020980835,-3.1126203536987305
-7.557813891378628,1.5988426728046838,35.23043118501629,1.751220703125,1.7400000095367432,4.250575065612793,-3.1284234523773193
1.8301100723203363,1.4995705643252577,34.69407068894061,1.6275177001953125,2.0146713256835938,4.03000020980835,0.14356958866119385
-3.9146852067805002,1.885392986874641,65.92754423339215,1.409999966621399,2.0828356742858887,4.473997116088867,-3.1300525665283203
-0.2179262742577368,1.4817542184221926,39.5978453869213,1.409999966621399,2.1043753623962402,4.03000020980835,0.006369026843458414
-8.64185575650001,1.944551869039607,63.2862268444396,1.9154891967773438,2.5817599296569824,4.03000020980835,-3.1033735275268555
4.374703029502079,1.6336097140983947,22.005247190167236,1.7054519653320312,1.7400000095367432,4.377011299133301,0.020794546231627464
4.461057397606612,1.6484098945532737,15.208936596125668,1.8364486694335938,1.9804368019104004,5.673994541168213,0.02376585081219673
-8.951451876182922,2.959306314633022,94.59542382890659,1.409999966621399,1.818057656288147,4.03000020980835,-3.112379789352417
-8.818596309584915,2.6697856663742905,85.16594447346914,1.447845458984375,1.7400000095367432,4.03000020980835,-3.1126203536987305
4.312931451217736,1.527786242464333,34.76750677481722,1.686309814453125,1.8174302577972412,4.03000020980835,0.06805684417486191
