1.083082241239332,1.515931113684219,81.7599877258313,3.0,4.430200099945068,10.0,2.852398157119751
-2.2674627083316334,1.6127642603761287,50.62641607493699,4.529900074005127,4.587399959564209,12.911256790161133,3.1249752044677734
-2.1937163506849977,1.6158524669352952,26.721663311522992,1.7291316986083984,0.7744747996330261,0.7922943830490112,1.5480220317840576
3.062318980289411,1.6839022712103187,33.47325327897876,1.7817401885986328,0.6000000238418579,0.6000000238418579,2.3065168857574463
6.590174764606637,1.6046591422260033,31.42806134877644,1.5,0.6724528670310974,0.7054240107536316,3.117191791534424
4.177865073462732,1.703735266458361,11.386805440466716,1.6422233581542969,0.60496985912323,0.6000000238418579,-1.6112682819366455
-10.05320831593962,1.6048458044328207,27.01001282137671,1.6898508071899414,0.7781981229782104,0.813831090927124,-1.5255651473999023
9.184025510197465,1.5529460164965636,52.138482765077235,2.1345999240875244,1.1950323581695557,0.9410593509674072,1.5944799184799194
4.137050566043175,1.7226870386502449,10.618876569034304,1.685394287109375,0.7515795230865479,0.6000000238418579,-1.6229286193847656
-12.722004376296317,1.289334651570337,84.91464111415159,1.7689380645751953,0.6436052322387695,0.7966908812522888,2.3869996070861816
-5.1487519072660035,1.635969914746952,22.492858843186625,1.4123029708862305,1.8374841213226318,4.559614181518555,1.5931792259216309
7.491968093067419,1.6339232188379615,23.231048410191626,1.409999966621399,1.7485942840576172,4.862784385681152,1.434402346611023
4.29702519646211,1.6584272584415314,51.40870488283549,2.129243850708008,1.9868216514587402,5.4340925216674805,0.0293689277023077
4.207311905672945,1.724282509359667,33.55349336842187,1.7831916809082031,2.27675724029541,4.03000020980835,0.0019555571489036083
3.9169865199333214,1.70050710468851,44.591410587425486,1.6496343612670898,1.7400000095367432,4.03000020980835,0.02491176873445511
