5.094420441516117,1.6923015038212852,118.59306884803745,2.9418907165527344,2.36641788482666,6.4937028884887695,0.00018096841813530773
-17.77912131784059,2.3116057315661402,67.25716392521714,1.5,0.9525142908096313,1.1902873516082764,-1.5825071334838867
12.515372027747857,1.273792805762957,56.385449690099584,1.7102470397949219,0.6297910213470459,0.6000000238418579,1.646172046661377
10.929670111773799,1.3272082218417882,76.23125588062179,1.796499252319336,0.6621352434158325,0.6000000238418579,2.750540256500244
-16.99080364924679,2.330612995351059,59.298510947979786,1.738901138305664,0.7987927794456482,0.6000000238418579,3.0720486640930176
-18.17965355921109,2.3403746797417027,60.224332142439856,1.6962356567382812,0.6899514198303223,0.8569461107254028,-1.7083309888839722
-13.9205018836809,2.2068360596646306,100.70352427823408,1.780569076538086,0.8586044907569885,0.7361433506011963,0.030712837353348732
-13.585316282768154,2.336452227376584,126.7927419999832,1.7218742370605469,0.6623958349227905,0.6000000238418579,0.0026036950293928385
-18.67393986023871,2.3632408798454785,59.01802530177816,1.6512718200683594,0.714159369468689,0.6000000238418579,-0.9863041639328003
-16.03917107424283,2.2256684014756405,82.5963576064143,1.8763008117675781,1.243499994277954,0.6850795745849609,-3.104135036468506
5.351642306609142,1.7045311088095485,104.2633128715427,2.515700101852417,2.7874362468719482,5.429326057434082,0.012154757976531982
-17.0128730472845,2.289543296656136,72.50311583352654,1.8217544555664062,0.7816518545150757,0.6282057166099548,3.103022575378418
-15.560105199702273,2.3159570446502493,60.57730631225011,1.946249008178711,0.9091583490371704,0.790659487247467,-3.123704433441162
-18.340582498179597,2.383437279551051,56.09122675333783,1.87957763671875,0.6617921590805054,0.6000000238418579,-0.10780083388090134
-14.53352495181195,2.292014231554677,59.54092758949296,1.8170661926269531,0.9135793447494507,0.6820441484451294,-0.048364605754613876
-19.141542424207998,2.4431365033132506,52.971298516982834,1.7373123168945312,0.6220281720161438,0.6838053464889526,-1.5896047353744507
-19.39849125197264,2.442931340273665,54.648898647025966,1.847137451171875,0.6880090236663818,0.6337783336639404,-1.6257456541061401
-14.039896125930117,2.2067483322680204,106.17950399321504,1.9925556182861328,0.9271550178527832,0.7753627896308899,0.037805166095495224
10.565573855082961,1.4804280293712946,132.72787258679142,1.6321868896484375,0.8070535659790039,0.6000000238418579,0.13399627804756165
9.408718518612838,1.6965312678332891,42.16988967554006,1.6576347351074219,0.7522883415222168,0.6000000238418579,2.282731533050537
10.123234364618066,1.6693985264599824,41.60618037937024,1.8984527587890625,0.6000000238418579,0.6000000238418579,2.2228658199310303
-6.287603301576435,1.9660873739474767,34.64743400164065,1.5596160888671875,1.7400000095367432,4.797075271606445,3.120715856552124
5.351642306609142,1.7045311088095485,104.2633128715427,2.515700101852417,2.7874362468719482,5.429326057434082,0.012154757976531982
-0.9669534615195049,1.8313195995246057,90.4762194778619,1.5440425872802734,2.142735004425049,4.03000020980835,-0.010045227594673634
-0.9669534615195049,1.8313195995246057,90.4762194778619,1.5440425872802734,2.142735004425049,4.03000020980835,-0.010045227594673634
-5.134527804031974,1.9364557848769963,108.44000140180388,1.6917076110839844,2.1532368659973145,5.091063499450684,-3.1220619678497314
-5.590684712260408,1.9715557237098031,73.38859161478524,1.717275619506836,2.0466501712799072,5.179718017578125,3.1354665756225586
