-19.024092673353703,2.6690702162577242,83.82662060124568,1.852945327758789,1.2291545867919922,0.9200384616851807,0.09727146476507187
-15.106354760275174,2.3568201485333002,56.055557954011604,1.5,0.6000000238418579,0.6338622570037842,-1.5180574655532837
0.51396337577079,2.5816800743554227,120.72963259482323,1.409999966621399,2.4781131744384766,4.863465309143066,-2.4079465866088867
-10.43800816580992,2.192534585958318,27.505396215738894,1.7202091217041016,1.9760587215423584,4.616093158721924,-3.1261487007141113
-7.52265004284028,2.240930417517624,59.37143773272894,2.1581153869628906,2.383171319961548,5.705760955810547,3.1400363445281982
-3.168360779607637,2.7057565037386393,130.79616318957903,1.5602951049804688,1.8849836587905884,4.03000020980835,-2.869990348815918
-10.824965166777861,3.0848346058456144,144.78183047097536,1.4339008331298828,2.1417410373687744,5.009786605834961,3.137284994125366
-3.168360779607637,2.7057565037386393,130.79616318957903,1.5602951049804688,1.8849836587905884,4.03000020980835,-2.869990348815918
-7.403575969912092,2.3444171717878035,79.98227643272553,1.7232685089111328,2.0998494625091553,5.1355180740356445,-3.1382174491882324
2.9246683504348345,1.831327123452246,19.450601728103578,1.8466148376464844,2.0408458709716797,4.954893589019775,0.018520083278417587
-10.358317649459837,2.3171834034802306,53.256814007512645,1.667938232421875,1.9751560688018799,4.76509952545166,-3.1255905628204346
-14.05312161468527,2.2917052334301276,45.43031482094791,1.3027153015136719,0.47909998893737793,1.0786999464035034,-1.4211628437042236
