0.15297632912262224,1.6667150506427229,148.49934301131697,3.2777633666992188,2.6762075424194336,5.782570838928223,3.0963289737701416
-1.325934600352178,1.8048269869465199,107.89976548454261,3.6082229614257812,3.1455628871917725,6.711780548095703,3.120558023452759
-7.868072863505455,1.8201577245999432,74.99694206384551,1.8090667724609375,0.9820663928985596,0.6395297646522522,-3.0701048374176025
7.189277228014956,1.4914090790211252,28.229595472356205,1.8627510070800781,0.8301355838775635,0.7780557870864868,1.7613167762756348
6.510210034025597,1.5207319471141418,30.993434426632547,1.7439460754394531,0.6603301763534546,0.6000000238418579,3.140812397003174
4.904537605173029,1.774581883019208,88.53500798846898,1.5962562561035156,1.8915562629699707,4.03000020980835,-0.017109299078583717
14.489405360091812,1.226953335008321,95.75283891674549,1.4590377807617188,1.9263906478881836,5.456216812133789,1.5460214614868164
-6.16079077198411,1.7878583571503266,30.27826380747522,1.8727912902832031,2.0032906532287598,5.643521308898926,3.132080078125
3.048453019599638,1.6843048837921035,10.22518817021319,1.5596046447753906,1.7711851596832275,4.688706398010254,-0.014553634449839592
3.4912436056565976,1.6206772438598427,45.11108193227946,1.8710861206054688,2.3158977031707764,4.03000020980835,-0.014237374067306519
-6.489203559057104,1.7966024414442625,21.483855517531076,1.5450172424316406,1.9409725666046143,4.502383232116699,3.1269938945770264
3.048453019599638,1.6843048837921035,10.22518817021319,1.5596046447753906,1.7711851596832275,4.688706398010254,-0.014553634449839592
5.659624081310174,1.7606359268069625,137.151696508984,1.7528114318847656,2.0411593914031982,4.057349681854248,0.001128193223848939
13.777162064814744,1.15978364921031,98.5899610638041,1.6820907592773438,1.7400000095367432,4.282243251800537,1.547019600868225
-5.672854978103802,1.7359725453937382,41.34447011948065,1.7054901123046875,1.8117589950561523,4.157445907592773,3.1262331008911133
-1.886162309291232,1.6467428698741606,39.93901104091634,1.7894821166992188,2.478917121887207,5.215611934661865,-3.1340465545654297
2.2304585842950644,1.7237316855372562,124.45694333357376,2.515700101852417,2.9711222648620605,5.081096649169922,-0.0003035390982404351
