5.240299870505622,1.5291877204134867,39.80858358373371,2.1571598052978516,2.1182966232299805,4.3418450355529785,-0.03255894035100937
-0.03112686035559059,1.491377297213177,123.31434175002484,2.1345999240875244,1.243499994277954,0.9689983129501343,-2.937535047531128
1.1301536237927348,1.556753080576615,42.42339178577089,2.197439193725586,2.1365842819213867,4.74165153503418,-0.025758493691682816
-6.402973106377756,1.960226411600683,14.118389584493814,2.0062332153320312,1.8636105060577393,4.462528228759766,3.099224090576172
-5.084567833259297,1.7705533527322153,44.15585531104643,1.624166488647461,1.7400000095367432,4.03000020980835,3.125947952270508
-4.650696447415403,1.6488454388150138,104.55373832571125,1.9155635833740234,2.1880624294281006,4.785496234893799,-2.9437475204467773
-4.783495003075376,1.7261952941673386,56.63850349727207,1.7415943145751953,1.7400000095367432,4.083974838256836,3.0999815464019775
-4.402943643926745,1.685437255219004,63.39482536770676,2.0117721557617188,1.9389030933380127,4.03000020980835,3.113081693649292
-6.206750569464394,1.9023057738852607,19.93685985645129,1.8293418884277344,1.8067240715026855,4.734528541564941,3.1397054195404053
-5.352881391141118,1.6753871259022386,137.39644437276183,2.4497814178466797,2.3764171600341797,4.125493049621582,0.20423229038715363
-5.702602447309217,1.8205680841393297,38.91985716633217,1.786569595336914,1.870419979095459,4.043273448944092,3.10758113861084
-5.135000883291008,1.765062947018107,50.630983343951364,2.169086456298828,1.9192302227020264,4.03000020980835,3.1249241828918457
2.2497704725031027,1.7274679208508579,10.68713223313755,1.5875740051269531,1.7400000095367432,4.03000020980835,0.5217838883399963
