8.18515504761796,2.5512143765748307,40.07928717871868,1.2003631591796875,0.5,1.7567968368530273,1.3715108633041382
-4.385447532106599,2.60775313177131,43.994949802632505,1.3102951049804688,0.6032062768936157,1.6813337802886963,-2.0107827186584473
12.396408329293362,2.6192271167715213,51.64249317499003,1.7817840576171875,0.7101650238037109,0.6000000238418579,-0.042086273431777954
14.575037724378515,3.796188761700938,110.6529496525104,1.5,0.9442404508590698,0.9520620107650757,3.1377363204956055
-7.344791807940267,2.8329494864974807,59.16460391010353,1.6294326782226562,0.768882155418396,0.6000000238418579,0.016209634020924568
-6.570502178076521,2.218362450950751,25.860072798042786,1.641082763671875,0.6646206378936768,1.1585352420806885,-1.6145155429840088
-6.360062538633622,2.8644694921828986,59.77940621069141,1.7982406616210938,0.7712812423706055,0.6000000238418579,3.1247427463531494
5.082302293619794,5.615110420445199,142.31572831902062,1.9283294677734375,2.2743968963623047,6.176379203796387,3.122152805328369
10.922437942846527,3.874504476024658,105.0873783494465,2.0312957763671875,2.304274559020996,4.03000020980835,-0.031975794583559036
10.577140409980121,3.7212995582512156,98.78041549198473,1.5512924194335938,1.8766136169433594,4.03000020980835,-0.048832811415195465
5.8059648470234695,3.497974820199544,89.56925796827333,1.42816162109375,1.9329054355621338,4.03000020980835,-0.04324573650956154
-5.180096182316429,2.2579091379246674,25.603755788904902,1.8675384521484375,2.043039321899414,4.107690811157227,3.1099750995635986
5.7674886278586115,3.936666724197248,107.40246255949371,1.7903518676757812,1.9529364109039307,4.17000675201416,-0.03900817781686783
12.739068186645362,5.527411606019908,142.87413682140604,1.9797210693359375,2.1859962940216064,4.03000020980835,-0.03144112229347229
5.7674886278586115,3.936666724197248,107.40246255949371,1.7903518676757812,1.9529364109039307,4.17000675201416,-0.03900817781686783
1.5358407057670893,3.2639684577832453,76.60330612726365,1.5328292846679688,1.8864059448242188,4.03000020980835,3.09590482711792
-1.1071377587587865,2.2170827930629926,27.132171321180632,1.8858642578125,2.20597243309021,4.32591438293457,3.095107078552246
