-12.056401481173012,3.0186788490397487,53.64870687158235,1.6252021789550781,0.6000000238418579,0.6000000238418579,-1.5562843084335327
-11.914799006927524,3.0382304018884794,57.178131986870696,1.7287273406982422,0.7957332134246826,0.6946468353271484,-3.125924587249756
-12.032992104786638,3.033439902142479,54.665389129351034,1.7882194519042969,0.6000000238418579,0.6000000238418579,-1.5580273866653442
6.072937142863907,2.2019781579893474,26.780035693669557,1.5,0.702391505241394,0.6062653660774231,-0.037914469838142395
-5.708114921801153,2.9253224600009426,46.58227738785827,1.6244258880615234,0.6000000238418579,0.7286790013313293,-1.738800287246704
-12.008972648757052,2.8249204065096922,44.709767736379355,1.8071956634521484,0.8091778755187988,0.7086348533630371,-1.5650008916854858
-10.88505296866809,3.076184025513168,57.07068701614742,1.7804946899414062,0.7978346347808838,0.641155481338501,-3.1290454864501953
-6.719134979301056,3.3167817809661155,67.33995511458264,1.495361328125,1.7400000095367432,4.177191257476807,-3.1175506114959717
-7.067765730258599,4.019368945679092,109.14139066086507,1.6747970581054688,1.7400000095367432,5.470685005187988,3.1401820182800293
-6.485232348291151,2.7359104478721763,40.977126085472605,1.7213363647460938,2.1416783332824707,4.786333084106445,-3.1192963123321533
-6.601416481976231,3.01972133226179,56.203215860424386,1.409999966621399,1.7400000095367432,4.579857349395752,-3.1278998851776123
-6.943820475491982,3.5705444668788204,83.40918085503134,1.409999966621399,1.7400000095367432,4.03000020980835,-3.130793571472168
0.2300307114190133,2.150801880626989,18.674938325176345,1.693349838256836,1.7887027263641357,4.03000020980835,-0.0014394650934264064
-6.835645128021865,3.664807286231428,89.210241865226,1.6901931762695312,2.0456619262695312,4.565389633178711,3.1403770446777344
