-7.995954907669427,2.1854615920947644,47.26733288074569,2.127915859222412,0.9278824329376221,1.303608775138855,-1.5634912252426147
6.530796836654304,3.1324751952287,117.00805878019797,2.107241630554199,0.9094959497451782,0.6000000238418579,-3.138038396835327
0.662143587256157,2.288885011792902,37.57344654383816,1.800271987915039,1.9017695188522339,4.03000020980835,0.03442272171378136
11.695967289380961,1.614324299777767,28.727587152718563,1.5618505477905273,1.7400000095367432,4.03000020980835,1.5841220617294312
-27.433691418540405,4.8332207103138884,115.21495841288551,2.515700101852417,1.7400000095367432,4.03000020980835,-1.5590068101882935
11.416866193411185,2.4046007045883915,66.82023583536439,1.8014278411865234,1.8608391284942627,4.535552024841309,1.5198850631713867
11.695967289380961,1.614324299777767,28.727587152718563,1.5618505477905273,1.7400000095367432,4.03000020980835,1.5841220617294312
-26.011408446360257,4.285270106476016,85.55385982402052,2.515700101852417,2.2686147689819336,4.2696638107299805,-1.5889116525650024
-29.468790376020713,3.213926120047617,63.487843910672595,1.7056636810302734,1.7400000095367432,4.302678108215332,-1.558010458946228
-13.960360019529414,2.917147669601837,75.98820661106576,1.7010536193847656,2.3734853267669678,5.082144737243652,3.1410717964172363
-13.960360019529414,2.917147669601837,75.98820661106576,1.7010536193847656,2.3734853267669678,5.082144737243652,3.1410717964172363
-25.649625783254976,4.0801291380065905,100.78135438723245,2.515700101852417,1.7400000095367432,4.03000020980835,-1.5728092193603516
-29.468790376020713,3.213926120047617,63.487843910672595,1.7056636810302734,1.7400000095367432,4.302678108215332,-1.558010458946228
0.09973640085176161,2.1095261108391083,28.75729174292384,1.5229434967041016,1.9883606433868408,4.498552322387695,-0.0022567075211554766
-32.04568862291751,4.261660485152177,83.21509532857107,2.515700101852417,1.7474888563156128,4.03000020980835,3.0980663299560547
-2.587926715684688,2.268690579956664,44.46393768604958,1.6080360412597656,1.8551573753356934,4.03000020980835,0.010607277043163776
-14.05938675495452,3.2265207366511195,91.97841174481036,1.7041645050048828,1.9121299982070923,4.530821800231934,-3.1186599731445312
5.838056209877041,2.3892845499850877,60.49364207593805,1.632619857788086,2.121040105819702,4.86868953704834,-1.9282264709472656
0.662143587256157,2.288885011792902,37.57344654383816,1.800271987915039,1.9017695188522339,4.03000020980835,0.03442272171378136
-13.550133353751036,2.5517570340631064,49.65406220077133,1.6981773376464844,1.9912285804748535,4.946409225463867,-3.1163337230682373
-13.951235382110376,3.4096466866606967,107.48480130404506,1.4939327239990234,2.1755175590515137,4.593476295471191,3.1415576934814453
