4.6711537705531025,1.568145568574705,36.46099410878611,1.5,0.6000000238418579,0.6000000238418579,-2.057097911834717
-14.658776647927063,0.8793075546454716,41.72207947218705,1.5948238372802734,1.7400000095367432,5.186161994934082,1.8451734781265259
-1.4439016434238026,1.7837144634235773,8.319802059478521,1.6314666271209717,2.178558349609375,4.646440505981445,2.6149213314056396
2.436648259328157,1.1125904370121926,53.81379313300802,1.5431241989135742,1.7400000095367432,4.03000020980835,1.869057297706604
16.233964543401243,0.9376359916771282,65.19902176127118,1.5097225904464722,1.7400000095367432,4.794252395629883,-2.7335164546966553
-0.06761577176045719,1.286070749789824,45.78461820439715,1.409999966621399,1.7400000095367432,4.552160263061523,1.8633836507797241
-5.562157297659817,1.045056638535521,44.214486993512715,1.411067008972168,1.7400000095367432,4.129731178283691,1.8409875631332397
-2.749800862822101,1.0658278261340133,52.41860513911892,1.6811432838439941,1.7400000095367432,4.03000020980835,1.8633157014846802
7.242033110370597,1.3021487975487132,54.93102794277013,1.4642843008041382,1.7400000095367432,4.647433757781982,1.8525010347366333
-10.196047181263182,0.9720111303933852,43.02422908525533,1.500605821609497,1.7400000095367432,4.285414218902588,1.8502517938613892
