-11.95076163925759,1.8789712114858872,74.81277327575232,3.2620086669921875,3.1183605194091797,6.876543045043945,0.017463484779000282
-14.83347668200404,1.8807946824329704,148.06310043136938,1.4635343551635742,1.7400000095367432,4.14202880859375,-3.120187759399414
-5.274990550351372,1.7876472441954094,90.99564345206839,1.409999966621399,1.8523616790771484,4.03000020980835,0.031077655032277107
1.786986624399134,1.8262718423436692,67.84032509832126,1.414536476135254,1.7842779159545898,4.03000020980835,0.026334235444664955
2.1898112608896225,1.8835086054960304,44.69182431848968,1.9057512283325195,1.9827513694763184,4.465754985809326,0.042426303029060364
-14.004636403535583,2.0251582333878946,111.57077711135045,1.466268539428711,1.9735530614852905,5.882969856262207,-1.7795456647872925
2.809223100108741,1.8090445773929549,12.517372829406176,1.8375778198242188,1.8110315799713135,4.540273666381836,0.01873728819191456
2.5769395635301966,1.8354675062461134,27.554261312225428,1.4478778839111328,1.7400000095367432,4.072896957397461,0.039467018097639084
-1.422349549310476,1.7942799614899418,70.89205999759923,1.806746482849121,2.0212299823760986,4.03000020980835,0.05001266300678253
-5.067770827821784,1.8082609725608978,77.66363346450902,1.409999966621399,2.0621275901794434,4.03000020980835,0.034343965351581573
-22.42230051322873,2.272458160228534,110.17552180075316,1.5147209167480469,1.9932646751403809,5.809244632720947,-1.7629140615463257
2.436591447215529,1.8508947449696294,33.35788967515235,1.465841293334961,1.7400000095367432,4.605673313140869,0.024444520473480225
2.809223100108741,1.8090445773929549,12.517372829406176,1.8375778198242188,1.8110315799713135,4.540273666381836,0.01873728819191456
-37.3469452537939,3.145890022007726,89.07402911520077,1.9023761749267578,1.931667685508728,4.03000020980835,-1.6352458000183105
-39.21703913124822,2.8867461997110144,123.1346639956383,1.5304584503173828,1.7725293636322021,5.361958980560303,-1.8826943635940552
-12.45557699171493,1.8838725099621425,93.48357014581708,3.1276960372924805,2.722412109375,9.5,0.02343420498073101
