-9.149306977021185,2.2567950317967522,66.0837690443516,2.515700101852417,2.343055248260498,4.5098137855529785,-2.9939403533935547
-23.90838501705757,1.430597131373931,122.54013146725258,2.0816240310668945,1.243499994277954,1.4164999723434448,0.03420397639274597
-29.670510879553827,1.884058910560641,75.41900319948707,2.0715293884277344,2.0958914756774902,5.438678741455078,3.1322262287139893
-7.289734569441676,2.335967942592226,24.125301355212493,2.234602928161621,2.8122496604919434,5.713568687438965,-3.090444564819336
-6.418743162443679,2.2749153839371523,16.478399123182843,1.5570173263549805,1.9938466548919678,4.03000020980835,-3.0994837284088135
11.697337188275448,0.5253680040253155,145.7674289836217,1.6533851623535156,1.7400000095367432,5.599586009979248,1.5276461839675903
-7.703256615402484,2.2638366739472744,48.58864840726957,1.6052055358886719,1.7400000095367432,4.03000020980835,-3.0751941204071045
-9.149306977021185,2.2567950317967522,66.0837690443516,2.515700101852417,2.343055248260498,4.5098137855529785,-2.9939403533935547
-6.418743162443679,2.2749153839371523,16.478399123182843,1.5570173263549805,1.9938466548919678,4.03000020980835,-3.0994837284088135
-20.813871230026123,1.7509519679695202,117.15202145848535,2.131183624267578,2.6092586517333984,4.03000020980835,-3.088491678237915
11.697337188275448,0.5253680040253155,145.7674289836217,1.6533851623535156,1.7400000095367432,5.599586009979248,1.5276461839675903
0.7076498449386583,1.7181312877537782,46.97623146065331,1.6088809967041016,1.9545402526855469,4.344451904296875,0.0026151298079639673
-4.798869459101818,1.1857842355489296,111.83299259233276,1.7755002975463867,2.134521484375,4.03000020980835,0.05774705111980438
-16.34632767749037,2.1554406781560953,88.93439053189029,1.9386377334594727,2.3058648109436035,4.68376350402832,3.0542526245117188
-40.304394810961476,1.5311099040713667,97.88013725462271,2.215489387512207,1.8054287433624268,4.03000020980835,-0.009523182176053524
-8.653521561210667,2.2958849891399593,58.1203648303067,2.216536521911621,2.2379329204559326,4.03000020980835,-3.048675298690796
-32.42438399028889,1.8443716819077682,74.16866840148006,1.409999966621399,1.8751038312911987,4.066025257110596,3.1355576515197754
-5.679384021144602,0.9832210153232559,126.39853238702003,2.427952766418457,2.65350341796875,4.03000020980835,0.08810301125049591
-27.569522585584842,1.8671764018626036,99.39578482183569,2.515700101852417,2.102227210998535,4.03000020980835,0.004399249795824289
-17.241739926185094,2.247121443309516,73.06339332526842,1.8713388442993164,2.683025360107422,5.4628753662109375,2.8038225173950195
