11.933927465867042,0.601464419026147,68.96157752418166,1.9064483642578125,0.7150823473930359,0.8214393854141235,0.70002681016922
1.214715735042531,1.5645655821277815,50.59267940929995,1.7264633178710938,2.00197172164917,4.03000020980835,0.009295414201915264
2.0746733930208947,-1.1924428149898567,128.02084986953446,1.409999966621399,1.9701390266418457,4.03000020980835,0.01531906146556139
0.29944342931224616,0.6148726859223594,78.55319608674573,1.7482528686523438,1.9275565147399902,4.03000020980835,0.006474428344517946
-2.7878637499247994,1.9914474047756654,23.721668940035237,1.7005653381347656,1.7400000095367432,4.03000020980835,-0.024960380047559738
-2.9784427565090423,1.840762815583144,12.3097593115328,1.799652099609375,1.7738697528839111,4.193719387054443,0.03134360909461975
-59.62086188661517,5.930040890127328,1.4327644313790873,1.4801063537597656,1.8250452280044556,4.480903625488281,-1.0169501304626465
0.38194285363377173,-0.491155843314814,105.50258956916593,1.8740463256835938,2.3539907932281494,4.03000020980835,0.023361699655652046
-2.9784427565090423,1.840762815583144,12.3097593115328,1.799652099609375,1.7738697528839111,4.193719387054443,0.03134360909461975
0.31823719725310895,1.9434654371332174,26.026873471542984,1.7241744995117188,1.867668867111206,4.03000020980835,0.005909082014113665
