-3.2348384777387804,2.5613118480115915,116.15697090424585,3.844514846801758,2.731551170349121,10.796333312988281,-0.0038380990736186504
-10.052525084183664,2.12603825094698,42.97437446693232,1.8514690399169922,0.7550156116485596,1.2003560066223145,-1.6064083576202393
1.381505832341097,1.7526064821970362,22.536244269465968,1.7118415832519531,2.366457223892212,4.03000020980835,-0.3246147632598877
-3.540272500889318,1.843308753602452,28.399965133390094,1.4924964904785156,1.989220142364502,5.172907829284668,-0.05455077439546585
45.175098871745575,0.5426786695424255,110.05851688248073,1.409999966621399,1.7400000095367432,4.03000020980835,1.341615080833435
43.58992709504423,0.6914116693534282,119.66243129106948,1.7130298614501953,1.7400000095367432,4.03000020980835,1.3433042764663696
-13.069113937437312,2.351028915574929,51.87010162362044,1.4260425567626953,2.126483201980591,4.03000020980835,3.127720832824707
-3.2348384777387804,2.5613118480115915,116.15697090424585,3.844514846801758,2.731551170349121,10.796333312988281,-0.0038380990736186504
38.12181284481089,0.889595209002259,111.71603090340858,1.409999966621399,1.7400000095367432,4.954824447631836,1.3273123502731323
38.12181284481089,0.889595209002259,111.71603090340858,1.409999966621399,1.7400000095367432,4.954824447631836,1.3273123502731323
14.72531687662332,1.3104853187460073,36.77336765741276,1.4165592193603516,1.7400000095367432,4.725423812866211,1.3110183477401733
7.983214420261128,1.5582661952152712,38.04294031686917,1.409999966621399,1.7400000095367432,4.392882347106934,1.3264211416244507
-10.940958828435761,2.9735648464091042,148.58179314864836,1.409999966621399,1.7400000095367432,4.03000020980835,3.1086628437042236
