9.278194834815734,1.2280333274322999,36.313003264607495,1.844864845275879,1.0283246040344238,0.9896981716156006,-0.05050007626414299
5.842684222894612,1.5178901878304543,29.420315754122644,1.7394084930419922,0.781098484992981,0.7280402183532715,-1.0175838470458984
6.182694219383804,1.490582350050881,28.691162057775152,1.5994901657104492,0.913087010383606,0.6000000238418579,-2.574126958847046
4.920396438603849,1.5692279732178722,36.385159318492335,1.764073371887207,0.9789415597915649,0.7427800893783569,2.68388032913208
6.637489195464326,1.4590296593882328,25.989214799419457,1.5396881103515625,0.6992802619934082,0.6747187972068787,-3.0852339267730713
6.9400823266861265,1.4272545901662512,28.123043691863817,1.5750274658203125,0.6000000238418579,0.6000000238418579,-0.6860360503196716
10.860609359534308,1.2133461219231927,62.66797103016992,1.5,0.8611487150192261,0.6000000238418579,0.06626912951469421
9.795220125408479,1.2817682570144824,62.631233202233446,1.6459226608276367,0.7708452343940735,0.6000000238418579,0.06134673207998276
-7.82509615772994,2.1125545147733784,26.6598242668113,1.8150882720947266,1.7850637435913086,4.315647602081299,-3.1347591876983643
-19.682785425984644,1.863514599397305,90.20725153126921,1.995004653930664,1.9206087589263916,4.03000020980835,0.7770950794219971
-7.985596356245189,2.153232737850317,20.550281423719895,1.797560691833496,1.7400000095367432,4.03000020980835,3.1271839141845703
-7.607761364187272,2.083214590372143,32.795079436341915,1.6693649291992188,1.7400000095367432,4.054050445556641,3.1369643211364746
-12.033095203236003,2.111500998264373,27.484734056864358,1.7246770858764648,0.8783507347106934,1.040198564529419,-3.077005386352539
-0.3060174059108786,1.681915765082067,11.562508375681757,2.515700101852417,2.457620143890381,5.401559352874756,-0.038100726902484894
