-5.741373436634513,1.8661016184665054,17.43552075820502,1.12554931640625,0.7426072359085083,1.5346794128417969,-1.711135745048523
-5.559527440835223,1.847319433058431,19.426081273768112,1.1306438446044922,0.6096382141113281,1.5,-1.699952483177185
-5.362906594433032,1.5432150952055732,52.86015968288331,1.7354450225830078,0.9922272562980652,1.1946332454681396,-1.7980066537857056
7.2169505745232705,1.543040100858334,50.06072072599146,2.1345999240875244,1.1125190258026123,1.0895633697509766,1.2609646320343018
-4.606652453416437,1.7962603779636175,28.151737099043377,1.8743724822998047,0.6532906889915466,0.7988870143890381,1.3070117235183716
-4.103317418724085,1.7789632577270853,29.42559532410123,1.8403167724609375,0.6458595991134644,0.682742714881897,1.4481953382492065
10.798023523466236,1.3609503651927572,34.758943835593804,2.027090072631836,2.3290278911590576,7.020100116729736,-1.7407892942428589
2.6656138806265393,1.7758824681413263,5.907114174817583,1.7692203521728516,2.0519723892211914,4.248124122619629,-0.009622465819120407
-20.13645285679324,1.5039539921497824,44.556887433756884,3.462543487548828,2.498258113861084,3.4145898818969727,1.381931185722351
1.0536866464772574,1.8075869022809399,12.111887497497634,1.5590286254882812,2.098116159439087,4.03000020980835,-0.022826822474598885
-20.13645285679324,1.5039539921497824,44.556887433756884,3.462543487548828,2.498258113861084,3.4145898818969727,1.381931185722351
