0.4598886755832606,1.8435970346208668,22.55201662664325,3.212789535522461,2.6635994911193848,5.836878299713135,0.2948421239852905
-4.345328751376739,1.5551801228041848,38.39609827092327,1.7728023529052734,1.8625874519348145,4.03000020980835,0.676944375038147
-11.35445052450761,1.4458512403098356,39.18984172230457,2.0731592178344727,1.897273302078247,4.792741775512695,0.757956862449646
7.326145131559234,1.9991645401607336,18.20828762177032,1.484330177307129,1.7400000095367432,4.1637282371521,-0.07690390944480896
1.322010737390454,1.8855054305822887,11.035146617527419,2.24271297454834,2.0033063888549805,4.193973541259766,-0.1676086187362671
-28.125249798251815,0.3440703116334407,79.29363460765832,1.409999966621399,2.00873064994812,4.03000020980835,0.3438408374786377
-34.29302770969165,-0.14862426727846456,96.81906869912287,2.398273468017578,2.2991929054260254,4.03000020980835,0.3378191888332367
-5.281017115161997,1.6715946121661784,31.77663810694724,1.8674774169921875,1.9026334285736084,4.7232985496521,0.7495388388633728
15.505211935280272,0.6187901631877032,36.3491250552061,1.6021995544433594,1.7400000095367432,4.51932954788208,0.5553278923034668
-19.655568397079833,1.031125217157212,50.51688693786532,1.9107294082641602,1.9914627075195312,4.256042957305908,0.5532660484313965
7.326145131559234,1.9991645401607336,18.20828762177032,1.484330177307129,1.7400000095367432,4.1637282371521,-0.07690390944480896
-36.11805128808828,0.18887137289781641,81.78526294616151,3.1455039978027344,2.8989315032958984,7.5,-2.7946548461914062
-38.45479359772978,-0.28658186401725816,98.98528614293366,3.890894889831543,3.080718994140625,9.5,0.3529597818851471
