-11.877432934120655,1.4161641575923642,49.99204063898632,1.873138427734375,1.0840809345245361,0.6000000238418579,-3.0761325359344482
-14.291523123561493,1.3872917170934391,48.20868915569991,2.1345999240875244,0.9390040636062622,0.7732572555541992,1.9474091529846191
4.573281723116563,1.7807266156692871,-0.02975486334041344,3.1871795654296875,2.6689162254333496,6.183101654052734,0.005323587916791439
-10.075491105891587,0.9418455440074269,108.80642276628653,1.409999966621399,1.8097052574157715,4.110029220581055,1.5593661069869995
8.809183823828578,1.341137137006633,33.94146109305435,1.5577621459960938,0.7209241986274719,0.6817218065261841,0.0158760417252779
-8.216225538738742,1.417799980711453,58.628821031295274,1.9481658935546875,2.0666513442993164,5.072978973388672,-3.1182777881622314
2.7183978418085135,0.5382638861692731,135.8465784313454,1.4488067626953125,2.597625732421875,4.03000020980835,0.03369498625397682
3.81566108445775,1.3999376019888983,49.40974308948632,1.90362548828125,2.1721816062927246,5.128873825073242,0.019768917933106422
3.702515435642253,1.104192225713627,78.3133047454279,1.7235031127929688,1.7400000095367432,4.241395950317383,0.016837162896990776
3.702515435642253,1.104192225713627,78.3133047454279,1.7235031127929688,1.7400000095367432,4.241395950317383,0.016837162896990776
-9.340320559974963,0.5622837454948799,144.56170770349277,1.7119827270507812,2.5835914611816406,4.03000020980835,-3.122274398803711
-3.553277267479207,1.5019030801286135,34.80524799982433,1.4858474731445312,1.8519586324691772,4.03000020980835,-3.0926709175109863
-0.3509531314388385,1.3533375280521485,47.739183157206185,1.6632537841796875,1.8304600715637207,4.03000020980835,0.026688236743211746
4.050671957962307,1.5025350712821222,38.39130989386882,1.5811614990234375,1.781184196472168,4.03000020980835,-0.012186229228973389
0.5281278489769307,1.644836960471255,11.718829611173135,1.4943695068359375,1.778702735900879,4.03000020980835,0.023897353559732437
-8.359955289024782,1.4977014631595673,50.94957690228917,1.5582046508789062,1.7400000095367432,4.03000020980835,-3.129051923751831
-8.230968926031526,1.538137492138227,45.90956227479425,1.4113922119140625,1.7400000095367432,4.03000020980835,-3.1256580352783203
-7.630553375440898,1.63990071855593,28.714908013726486,1.63623046875,2.0965819358825684,4.0554022789001465,-3.1158535480499268
-0.6656937954771619,1.200802559924036,64.46782915971315,2.0348129272460938,2.498656749725342,5.075830936431885,0.013069046661257744
-7.912443111169647,1.5715319397950143,40.17252246697307,1.6080322265625,1.765181541442871,4.03000020980835,-3.11921763420105
