-0.2631268241068195,1.7754885838111925,62.58573850072787,1.6114234924316406,0.6000000238418579,0.8397660851478577,1.7537606954574585
-0.5483412625376474,1.7944256381475165,63.56167022012633,1.617349624633789,0.7252218127250671,0.7921283841133118,1.7601964473724365
-5.8086119461014665,2.219107746749506,27.877863623656427,1.4441280364990234,1.938645839691162,4.56082820892334,3.1235570907592773
-5.720071816372822,2.253948940790121,35.36194845213925,1.8465900421142578,1.8407316207885742,4.948718547821045,3.1331558227539062
-0.5959024860290637,1.8837951922673208,102.21238622211679,2.0938339233398438,2.1609692573547363,5.619344711303711,3.128255605697632
-4.468748944414194,2.2289781212247552,85.24160428178355,1.4653282165527344,1.9731899499893188,4.079806327819824,3.1083016395568848
-5.255295270043558,2.235936551020534,47.48865658037333,1.6931114196777344,1.7400000095367432,4.3059773445129395,3.128134250640869
0.13572966646289505,1.8142680001794989,133.83429556813914,1.5069904327392578,1.8197710514068604,4.59915828704834,3.121013879776001
4.988799465040391,1.7399593296698428,76.83520999412583,1.8333244323730469,1.7400000095367432,4.03000020980835,0.0030594728887081146
5.523376367691479,1.7095860162438896,66.8354471795216,1.6269264221191406,1.865523099899292,4.433662414550781,-0.004751544911414385
-5.507407211455218,2.2344140972241995,41.05202004148866,1.4489860534667969,1.7400000095367432,4.23145866394043,-3.1392617225646973
4.069803047357568,1.7055178072828108,18.564619385008573,3.938058853149414,3.263400077819824,13.152999877929688,-0.01594601757824421
