6.652641536980328,1.8932321435916328,15.173001764153256,2.91245174407959,2.202420711517334,8.39333724975586,0.030585451051592827
10.692313974697365,2.493438892827469,116.02456542035706,1.5,0.7752559185028076,0.6000000238418579,0.027831897139549255
14.567131939202815,2.049800324158359,76.79022122921907,1.7456245422363281,0.7631181478500366,0.7363860607147217,1.0932683944702148
-19.155677647337132,2.080089317627969,43.46390207468198,1.7476692199707031,1.9621272087097168,4.062915802001953,1.5613136291503906
-11.677605150727157,2.3002558218853864,43.69067022531294,2.301384925842285,1.9156256914138794,7.020100116729736,-3.0979065895080566
7.371542814924737,2.690004585465196,124.19340092593757,1.711390495300293,1.861473798751831,4.989219665527344,0.015266666188836098
-11.550967780927916,2.9167549325460103,128.56420991076152,1.863245964050293,1.8287523984909058,5.4867048263549805,-3.1313648223876953
6.927955874789756,2.527542143310889,94.17601330987304,1.6852712631225586,2.3155221939086914,4.592313766479492,-0.0021180808544158936
6.921751554125153,2.2105431156790445,53.76670401595965,1.4649887084960938,2.2603626251220703,4.769133567810059,-0.01414451003074646
-11.550967780927916,2.9167549325460103,128.56420991076152,1.863245964050293,1.8287523984909058,5.4867048263549805,-3.1313648223876953
13.864937753031473,2.0067048656464874,51.483198012316976,2.2190380096435547,2.2997772693634033,4.871063709259033,1.5697894096374512
0.3764397286915181,2.196965781336518,58.241789332914486,2.515700101852417,2.3025336265563965,4.420836448669434,-0.00621783547103405
-11.87724933948343,2.7820161555411542,108.6799238182375,1.7752809524536133,2.6001620292663574,5.193272590637207,-3.1271588802337646
-19.103577057826207,2.07529188328631,45.888345761710255,1.4383001327514648,1.7400000095367432,4.03000020980835,1.5473062992095947
6.522140552215666,2.0704878346008937,31.620093148148072,1.4786176681518555,1.7643578052520752,4.823692798614502,0.018148161470890045
-12.191828384861324,2.2687371166144135,35.554013281911544,1.7778539657592773,2.000640392303467,4.9146881103515625,3.1341145038604736
3.069315826641158,2.5112328638647545,93.61817814281602,2.2679548263549805,2.53939151763916,4.937465190887451,0.011133912019431591
-4.415221989760252,2.5855761928104,102.15943543173876,1.5804462432861328,2.0818684101104736,5.648350715637207,-3.125969171524048
-4.415221989760252,2.5855761928104,102.15943543173876,1.5804462432861328,2.0818684101104736,5.648350715637207,-3.125969171524048
-11.550967780927916,2.9167549325460103,128.56420991076152,1.863245964050293,1.8287523984909058,5.4867048263549805,-3.1313648223876953
