-22.318767987920573,3.7688504949494224,82.8592375454424,3.6171836853027344,2.856926918029785,10.356833457946777,-3.1290478706359863
7.348775618834631,2.680181892650178,66.04583303535286,1.4346294403076172,1.7400000095367432,4.833125114440918,0.004579184111207724
6.9240875639690405,1.9073995339793515,11.969834972397392,1.8688697814941406,1.8048217296600342,4.539100170135498,-0.029078129678964615
-6.755426376033223,3.63472783975305,127.95906310246167,1.687173843383789,1.7599451541900635,4.03000020980835,0.03743746876716614
-6.964976814240963,3.36497052156958,103.43671140895047,2.515700101852417,3.0,5.8045430183410645,0.02742619998753071
-21.872502939866493,3.2595299818290044,51.050961162476284,1.8267822265625,1.8062138557434082,4.295053482055664,-3.125765562057495
6.9122349069674875,2.033112074408466,20.81888478966791,1.7629938125610352,1.7571746110916138,4.237377643585205,-0.010403825901448727
7.306573504585184,2.864604879224608,79.6273963761365,1.7063140869140625,1.8722258806228638,4.570878982543945,0.04190516844391823
7.803831593898516,3.467173704163679,118.63279393123811,2.4305009841918945,2.4612255096435547,5.199391841888428,-0.012331404723227024
-3.02047827575695,3.4020203877521844,112.87878528806755,1.409999966621399,2.2575204372406006,4.03000020980835,0.03145797550678253
-22.318767987920573,3.7688504949494224,82.8592375454424,3.6171836853027344,2.856926918029785,10.356833457946777,-3.1290478706359863
6.857006120740606,2.0885882097502986,26.719395396496438,1.409999966621399,1.7400000095367432,4.307375907897949,-0.02684752270579338
-33.085578752624485,4.929652008114173,149.87194210685027,2.3272457122802734,2.2063605785369873,7.020100116729736,-1.852082371711731
7.456283274111008,2.590935421704491,59.19532621499385,1.4354362487792969,2.006337881088257,4.632794380187988,-0.003150365548208356
-6.658821345884914,3.0108035413636656,82.13472540239526,1.4493064880371094,2.4572317600250244,4.695539474487305,0.0651644691824913
7.957106849124763,3.376295634275766,111.61888697227427,1.7820396423339844,2.2938857078552246,4.383260250091553,-0.02873295359313488
-21.872502939866493,3.2595299818290044,51.050961162476284,1.8267822265625,1.8062138557434082,4.295053482055664,-3.125765562057495
8.101036490275959,2.362636422685113,45.73425593585778,1.7233924865722656,1.9894390106201172,4.580266952514648,1.2529356479644775
-22.318767987920573,3.7688504949494224,82.8592375454424,3.6171836853027344,2.856926918029785,10.356833457946777,-3.1290478706359863
