-7.023579038123267,1.9786051752666987,22.08612559694834,1.6990890502929688,0.8673864006996155,1.0324000120162964,-3.1356277465820312
2.9656163675638845,1.970917149427142,88.18963570891982,3.0010528564453125,3.073103427886963,9.5,0.02440674602985382
9.323878680601194,1.4952232768593847,37.86693103095496,1.7425918579101562,0.6000000238418579,0.6000000238418579,-0.06188372150063515
10.250764322357128,1.5909364847734078,66.14305843322276,1.5,0.6862730979919434,0.8029066324234009,1.5663176774978638
5.695556950243446,1.604438167841567,26.900154319550502,1.7826080322265625,0.7684249877929688,0.6000000238418579,2.203528881072998
8.55304273620543,1.5283781624678312,37.850695531626606,1.7034378051757812,0.7283373475074768,0.6000000238418579,-0.01819874346256256
-11.184626781775151,1.9103219941684104,25.28737593532793,1.8363800048828125,0.7390048503875732,0.6000000238418579,0.0637693852186203
-8.025384067690096,1.9918597838470904,39.89720157504645,1.7152633666992188,1.7400000095367432,4.03000020980835,-3.1194000244140625
4.3345558402305135,1.7443720132098783,39.592636545906515,1.4663314819335938,1.9703834056854248,4.03000020980835,0.024501612409949303
-0.06620003904844807,1.6743169306050458,13.498615780876744,1.71661376953125,1.9308269023895264,4.03000020980835,0.032811347395181656
-7.840145149550119,1.9522859721280397,30.073936443249476,1.409999966621399,1.9609814882278442,4.14979887008667,-3.1175146102905273
-3.2390350437289572,1.7886170991264732,25.99009084470922,1.6519088745117188,1.8486216068267822,4.03000020980835,-3.1157712936401367
-2.8331765393611104,1.7967158454126073,34.88021927475168,2.515700101852417,2.124589443206787,5.641200065612793,-3.120222806930542
