9.188325915097197,1.765806360283422,56.070784468748876,1.0205707550048828,0.7344790697097778,1.5713939666748047,2.8861377239227295
9.254467372606735,1.7621041457500934,56.256476681217926,1.6587181091308594,0.8262877464294434,1.0324000120162964,2.900033712387085
-15.276794766112678,2.390252352968456,73.29943837468801,3.002931594848633,2.7133290767669678,11.50636100769043,-1.6138880252838135
-0.8767831588962303,2.2286221771103363,145.58755390240376,1.7886466979980469,2.0932607650756836,4.801234245300293,3.1319470405578613
15.371798667042738,1.6378759006528716,93.58082764463305,1.6179027557373047,1.7400000095367432,4.159547805786133,-2.134889841079712
-15.182120606487219,2.2130139770569457,125.88175324599472,1.409999966621399,1.7900800704956055,4.03000020980835,-0.07750726491212845
-12.050200645582015,2.1489603277607654,124.84638679695975,2.1030540466308594,2.2109971046447754,4.037263870239258,-0.07272247970104218
4.363623351543364,1.955481052351117,109.7155573487658,1.9439773559570312,2.249345302581787,4.03000020980835,-0.02404623292386532
8.37551453361698,1.9452533728496242,115.57857902297502,1.5910568237304688,2.1955642700195312,4.03000020980835,-0.003987421747297049
-0.8767831588962303,2.2286221771103363,145.58755390240376,1.7886466979980469,2.0932607650756836,4.801234245300293,3.1319470405578613
-6.176706935578879,1.9648857565559865,21.597674765582838,1.6251449584960938,1.9210848808288574,4.599165916442871,3.1163859367370605
-4.961786752419551,2.2189614220185137,98.44936066751104,1.565786361694336,2.3529086112976074,4.610330581665039,3.076319932937622
14.511569655132156,1.5346195103064268,61.03798575273573,2.083293914794922,2.045236587524414,4.923362731933594,-0.02268056385219097
4.363623351543364,1.955481052351117,109.7155573487658,1.9439773559570312,2.249345302581787,4.03000020980835,-0.02404623292386532
