-14.176990706200508,2.4430818619559815,94.19936037341014,1.0,0.6820287704467773,2.2584338188171387,-1.8767619132995605
-14.176990706200508,2.4430818619559815,94.19936037341014,1.0,0.6820287704467773,2.2584338188171387,-1.8767619132995605
8.667392321272757,1.5893453248255691,48.94006327553511,1.6318435668945312,0.83573979139328,0.6068306565284729,0.007622973993420601
6.899490162775698,2.257070435903549,137.41830546079768,1.740264892578125,1.243499994277954,0.7102993726730347,3.033879280090332
8.263907732623535,1.5620359325879418,26.400771251822995,1.7890777587890625,0.8250653743743896,0.8183046579360962,0.035120997577905655
-8.41193050915363,2.1236303775130487,20.058857231325693,1.5072250366210938,1.7400000095367432,4.141329765319824,-3.1121044158935547
2.1156791952679184,2.5736748170687296,135.41850994287958,1.409999966621399,2.607862710952759,4.03000020980835,-0.031420961022377014
-7.592858982546616,2.555206105231895,98.6955962866793,1.4124298095703125,2.0561671257019043,5.032547950744629,-3.1349472999572754
-4.999269036121965,2.061642074248807,41.77416066484208,1.744781494140625,2.227160692214966,5.416294097900391,-3.105607032775879
-0.42262706156576135,1.8380976059222203,18.98808093760854,1.6825675964355469,1.9057011604309082,4.03000020980835,0.035290103405714035
-8.41193050915363,2.1236303775130487,20.058857231325693,1.5072250366210938,1.7400000095367432,4.141329765319824,-3.1121044158935547
-26.122073064135083,2.2741831639415104,70.89024938159889,1.4331245422363281,1.7400000095367432,4.03000020980835,-2.136606454849243
-20.707600529535437,2.2002717466702877,70.69498118304632,1.6545677185058594,1.7711080312728882,4.201146602630615,-2.1320784091949463
