4.5994526524262715,1.7959312710128215,14.426774573957509,1.7568740844726562,0.6214955449104309,0.6000000238418579,1.8716249465942383
2.6333097368893204,2.518365218227971,47.5792756961181,1.837249755859375,0.7037016153335571,0.736930251121521,1.5463989973068237
4.270524048620977,2.373217004803608,40.92526235993175,2.2687835693359375,2.426995038986206,6.412652969360352,-0.007648017723113298
-3.8162913751807404,2.7122065694285498,48.23342631614625,1.5093917846679688,1.818291425704956,4.879389762878418,-3.1268012523651123
-3.6356451916023973,2.182154364042769,25.930047982576493,1.6688232421875,1.9215236902236938,4.502653121948242,-3.116925001144409
-3.3560859320554757,3.1117120442548756,65.1765053386053,1.4405593872070312,1.9109630584716797,4.799804210662842,-3.1308791637420654
0.08321284193178505,1.9963905356945841,20.89760167443954,1.6512680053710938,1.8637194633483887,4.03000020980835,-0.017666472122073174
-3.3560859320554757,3.1117120442548756,65.1765053386053,1.4405593872070312,1.9109630584716797,4.799804210662842,-3.1308791637420654
4.168829999183993,1.9803984525513365,22.892989722938825,1.674285888671875,1.7400000095367432,4.412938117980957,0.030290711671113968
4.034468166876893,2.2136402962983324,34.19795709047962,1.6499710083007812,1.7400000095367432,4.380634307861328,-0.008550161495804787
-7.533889776393011,2.3508993517248724,26.25480552769887,1.78118896484375,1.8252906799316406,4.82460880279541,-3.1358461380004883
4.02045204805241,3.1744425088839736,71.08557593293348,1.4254837036132812,2.0357723236083984,4.03000020980835,-0.010756970383226871
-7.723561852465953,2.5591623582834093,35.286727317454684,1.8446731567382812,1.7458183765411377,4.63353967666626,-3.07723331451416
-7.413847378649478,2.103881057822734,16.69421596972562,1.4502716064453125,1.784800410270691,4.712315559387207,-3.0654327869415283
