-3.497316830104273,2.137031410462937,45.275301111186515,2.921419143676758,1.7400000095367432,4.747949600219727,-8.067447924986482e-05
-3.8186493236638435,2.1240514414493763,33.585513819522,3.1768627166748047,2.4473772048950195,5.806142330169678,-0.002491421764716506
-4.092844264828993,2.06497002620835,30.192325753114414,2.1345999240875244,1.1612458229064941,0.9937081336975098,0.7446016669273376
-8.468752994123134,1.7446328942421863,23.595368428291888,1.7484321594238281,0.6000000238418579,0.8874295949935913,0.047064971178770065
-7.1446781594479,1.769785719546758,23.777933511513233,1.8758983612060547,0.7161601185798645,0.7406564354896545,0.0748147964477539
8.028407200107326,1.88866977355441,33.255280576412645,2.1345999240875244,0.8204230666160583,0.6000000238418579,0.003977061714977026
-7.398828528119344,1.7513297684122788,22.52537494754559,1.7727012634277344,0.7880610227584839,0.6572111248970032,0.25958016514778137
3.9181056671821217,2.4757637211548618,97.91288309223528,1.5577545166015625,1.7400000095367432,4.03000020980835,-2.0752220153808594
-0.3962681877764396,2.381484858338631,91.17517691248706,1.9159126281738281,1.7400000095367432,4.03000020980835,1.0490036010742188
3.6366213046255806,2.026741259694333,23.731326956179757,1.4827327728271484,1.7400000095367432,4.03000020980835,0.04216849431395531
-0.3962681877764396,2.381484858338631,91.17517691248706,1.9159126281738281,1.7400000095367432,4.03000020980835,1.0490036010742188
3.1563076210661594,2.117258994165744,32.13827810753825,2.205364227294922,2.8942885398864746,4.809335708618164,-0.08446761965751648
