-10.889284863807196,1.1260361015607578,145.38337967716262,3.140336751937866,1.7400000095367432,6.328545570373535,-1.5141135454177856
6.211544259574872,1.4303902139208455,139.51619135210183,3.2348008155822754,2.007725715637207,7.612284183502197,1.5533778667449951
-6.040322482167388,1.573973212456701,111.23694380654835,1.6707172393798828,0.6514409184455872,1.025511384010315,-1.4982478618621826
-4.557137402427251,1.5775275580337698,111.00524582449685,1.835531234741211,0.7551695704460144,1.1227797269821167,-1.527417778968811
-6.777382766785449,1.604765237247171,88.78074312303399,1.4958019256591797,1.9175047874450684,4.03000020980835,3.105558156967163
8.390906727832393,1.834356814105829,63.122865381791755,1.776857852935791,1.9091308116912842,4.03000020980835,-1.5486690998077393
-4.557137402427251,1.5775275580337698,111.00524582449685,1.835531234741211,0.7551695704460144,1.1227797269821167,-1.527417778968811
9.145049528755955,1.8007352429206573,26.236343828109604,1.8759407997131348,1.8658840656280518,4.03000020980835,-1.5307742357254028
-7.141763867206138,1.661737719698292,75.71520669889327,1.5972537994384766,2.102755069732666,4.03000020980835,-3.112734079360962
-1.2699254145534578,1.3441627495662962,135.69600466962635,1.4446771144866943,2.4268875122070312,4.03000020980835,0.0284380242228508
1.6371190258311696,1.6464810628030742,102.28259532371803,1.4802005290985107,1.7400000095367432,4.129385948181152,0.042875852435827255
-9.664168328716574,1.681754353490343,26.02467907720819,1.409999966621399,1.7974193096160889,4.03000020980835,1.581592321395874
-6.777382766785449,1.604765237247171,88.78074312303399,1.4958019256591797,1.9175047874450684,4.03000020980835,3.105558156967163
-9.664168328716574,1.681754353490343,26.02467907720819,1.409999966621399,1.7974193096160889,4.03000020980835,1.581592321395874
-9.664168328716574,1.681754353490343,26.02467907720819,1.409999966621399,1.7974193096160889,4.03000020980835,1.581592321395874
8.674693949880552,1.7964601197598795,34.39951334272595,1.9756779670715332,2.0310776233673096,4.03000020980835,-1.4392846822738647
3.3766506801491105,1.7328710808476218,57.898622170526124,2.0305685997009277,2.195793390274048,5.8986382484436035,0.03634292632341385
9.050138700658698,1.8073012005930396,23.51725736708347,1.6554512977600098,1.7400000095367432,4.03000020980835,-1.5395764112472534
-9.664168328716574,1.681754353490343,26.02467907720819,1.409999966621399,1.7974193096160889,4.03000020980835,1.581592321395874
-10.622275094187861,1.6890755817972671,67.53248851355937,1.8729102611541748,2.115333318710327,5.369721412658691,-1.5580668449401855
9.050138700658698,1.8073012005930396,23.51725736708347,1.6554512977600098,1.7400000095367432,4.03000020980835,-1.5395764112472534
2.543846797263763,1.684541979103559,91.99223495153862,1.4275050163269043,1.9458510875701904,4.03000020980835,0.0045922547578811646
-11.015000752065863,1.3634027800616733,132.92153899937125,2.1271045207977295,1.2121891975402832,2.3980369567871094,1.5258166790008545
