6.71428612369955,1.408826050425651,13.70770467368741,1.5374269485473633,0.9439449906349182,2.5032999515533447,-2.1993651390075684
4.4644433394836245,1.4434974755444583,15.30723425211552,1.259542465209961,0.7088969349861145,2.235064744949341,-1.6273105144500732
-4.127355892055298,1.7429635546620244,15.235636462669238,1.0902252197265625,0.6748876571655273,2.054409980773926,-1.4496924877166748
0.5112947246337268,1.638843896885792,15.163377589018133,1.0,0.5219838619232178,1.9468531608581543,-1.5618441104888916
4.712179992647288,1.4355259244751353,15.120743258069218,1.5,0.6983226537704468,1.4226435422897339,-1.6642688512802124
0.29204455296732473,1.6427068329942784,15.102824454272046,1.5,0.6000000238418579,1.1572859287261963,-1.5469191074371338
-4.392475646602871,1.7506110283586813,15.048169664553168,1.5,0.7031266689300537,1.0324000120162964,-1.4353599548339844
8.127760059990024,1.376817341905626,38.49283513455213,1.665867805480957,0.8358720541000366,0.694133996963501,-3.03055739402771
-17.301425012385337,1.723230549720833,85.72484385556358,1.7676963806152344,0.8934996724128723,1.1591579914093018,-3.1205813884735107
6.9189117001793825,1.4048121976128687,38.71611079292185,1.7591705322265625,0.9455337524414062,0.6902055740356445,-3.023855209350586
-3.132290745051499,1.2854619399372607,62.60006063707797,1.6234397888183594,1.963584065437317,5.506462097167969,-0.013793827965855598
