17.879990367706075,2.2975160662556515,123.9752414015585,1.5767326354980469,1.7538639307022095,4.691824913024902,-0.8910266160964966
-10.975814241350276,1.9776649334106244,101.96841719839449,1.409999966621399,1.7400000095367432,5.500032424926758,-0.9191734194755554
7.796405138037727,1.7628283442782642,18.17576177932009,1.409999966621399,1.947502613067627,4.563586235046387,2.195800542831421
6.811600098162918,2.2565702915590546,115.5343341738937,1.462503433227539,1.7400000095367432,4.818536758422852,-0.9124637246131897
-37.02091673622563,1.9757199763527076,82.74045508384779,1.8243637084960938,1.7658240795135498,4.714232444763184,-0.9163408279418945
-0.680452220565264,2.1457925227492396,109.72663985487836,1.6204910278320312,1.7400000095367432,6.2811079025268555,-0.9345328211784363
30.581849944203626,2.3581863991180407,133.80455437963417,1.5783920288085938,1.9108141660690308,4.6635212898254395,-0.9141829013824463
22.755721102216445,2.303712286294679,128.0110212671719,1.7073249816894531,1.7883682250976562,4.795441627502441,-0.9148826003074646
-33.82367074981238,2.135230508438604,121.21629266383626,1.409999966621399,2.4087724685668945,4.03000020980835,0.6437708139419556
-0.680452220565264,2.1457925227492396,109.72663985487836,1.6204910278320312,1.7400000095367432,6.2811079025268555,-0.9345328211784363
30.581849944203626,2.3581863991180407,133.80455437963417,1.5783920288085938,1.9108141660690308,4.6635212898254395,-0.9141829013824463
-13.43030413829146,1.568756010698915,1.0307200741897233,1.6930866241455078,1.8404755592346191,4.290244102478027,0.8466023802757263
-22.33586977661663,1.9084253172328602,102.41540745716675,1.5494537353515625,1.7400000095367432,4.970940589904785,2.2396035194396973
12.767581600352752,2.2614176944667936,119.96945561958121,1.6471977233886719,2.0655324459075928,5.129019737243652,-0.8973811268806458
-31.32159088039175,1.9530209222028376,87.11647058309606,1.4853458404541016,1.7400000095367432,4.741912364959717,-0.9353600740432739
-5.972329146621566,2.045168195153286,105.77811059236377,1.409999966621399,1.7400000095367432,6.309211730957031,-0.9051210284233093
36.53969151444909,2.374793277147124,145.7066987361552,1.409999966621399,1.7400000095367432,4.03000020980835,2.228949785232544
