13.475082190363429,2.0619853258943053,90.80351080019483,3.127981185913086,2.4166080951690674,4.505346298217773,-0.9604299068450928
-9.933910403978148,1.75769859025681,27.716537116366244,1.9949073791503906,0.6530323028564453,0.6000000238418579,0.6820816397666931
8.722481854805851,1.7017605498482542,42.573655345431575,1.7076644897460938,0.7006001472473145,0.6000000238418579,-0.0375666581094265
-2.7040362620191956,2.1262089764416725,76.3221170819457,1.5109329223632812,2.3344898223876953,4.03000020980835,3.127544641494751
-4.051767771756856,1.9365933044766583,48.08699133043091,1.9971752166748047,2.179474353790283,4.829788684844971,3.11643385887146
3.19651008687786,2.327226100055076,122.63676112371188,1.409999966621399,2.077113151550293,4.03000020980835,-0.034534864127635956
4.702631151891527,2.263672626875474,105.63082044476727,1.5288257598876953,2.222782850265503,4.03000020980835,-0.034534864127635956
19.96292499512266,1.8834677431181994,110.6344747148479,1.409999966621399,1.7400000095367432,4.03000020980835,-0.04248008504509926
-6.4405497482521294,1.7077488382320694,19.471781166257664,1.4320354461669922,1.7400000095367432,4.639310836791992,1.5584686994552612
3.768097060631407,1.9144536999521375,49.81965173029085,2.032754898071289,1.940382719039917,4.03000020980835,0.0412689708173275
-0.08674442091111442,2.319473338591251,110.77525920107338,1.6556072235107422,2.152965545654297,4.03000020980835,3.1070663928985596
10.219764559129137,1.706161605484037,19.378963697550514,1.7506084442138672,1.7400000095367432,5.071005821228027,1.546123743057251
