-14.300485879763919,2.5193003033158075,86.42125994236233,1.7860584259033203,2.2131943702697754,4.361355781555176,3.1334309577941895
11.206143742087987,1.5575401817956775,79.73494466113891,1.6336383819580078,0.6033155918121338,0.6000000238418579,0.0006691914168186486
10.83252547645742,1.5846139629527478,82.12999361747626,1.9651165008544922,0.6929129958152771,0.6576123237609863,-0.0016918082255870104
6.54439296121517,1.7271319889999903,17.295742477587055,1.7192630767822266,1.805885672569275,4.494681358337402,-0.01072806864976883
-14.207472698628802,2.48638013029632,40.132332976569494,1.5153694152832031,1.7659897804260254,4.7872724533081055,-3.0747530460357666
-13.975476507635893,2.5029894647951503,145.63531110982134,1.409999966621399,2.094799518585205,4.03000020980835,3.126091480255127
-14.083638532227265,2.53248305748357,56.613537069539824,1.9251346588134766,1.9286985397338867,4.87131929397583,-3.1201236248016357
-13.879124106469625,2.549333388540269,75.58598451911173,1.6967086791992188,1.8050894737243652,4.1322550773620605,-3.118255138397217
-14.300485879763919,2.5193003033158075,86.42125994236233,1.7860584259033203,2.2131943702697754,4.361355781555176,3.1334309577941895
2.6857077807211347,1.7300441988728341,15.34883632007859,1.5898799896240234,1.7400000095367432,4.03000020980835,0.02304488979279995
-14.078502575977893,2.4322990220878626,32.348057312689214,1.7675037384033203,1.7400000095367432,4.720855236053467,3.1296937465667725
-14.256104116999504,2.556887225193498,62.6589261540272,1.4926910400390625,1.7400000095367432,4.489040374755859,-3.1199746131896973
-14.137459657653494,2.485157267270395,45.19607364082557,1.4540653228759766,1.7400000095367432,4.087818622589111,3.134316921234131
-13.975476507635893,2.5029894647951503,145.63531110982134,1.409999966621399,2.094799518585205,4.03000020980835,3.126091480255127
-14.023095371385708,2.513187265106944,50.61906602413056,1.6997413635253906,1.7400000095367432,4.468715667724609,3.1276700496673584
2.808775435082591,1.7435086065152592,38.240729773390576,1.6892375946044922,2.0077223777770996,4.03000020980835,0.013641154393553734
-13.977053896218372,2.5432081713744914,68.50920947633979,1.4956836700439453,1.7400000095367432,4.398645401000977,-3.1226301193237305
-13.879124106469625,2.549333388540269,75.58598451911173,1.6967086791992188,1.8050894737243652,4.1322550773620605,-3.118255138397217
