2.0698723905279577,1.6658115804317202,14.981313983821845,3.0,2.591602325439453,11.450714111328125,0.1114920973777771
-10.95077825806817,1.3884626842309684,145.6039269317893,3.064098358154297,2.8857297897338867,6.879237174987793,-2.3796768188476562
-15.203587037080153,1.8239566016858917,64.52769257771699,1.693070411682129,1.081490159034729,1.2479186058044434,-3.096773147583008
-13.707500292164255,1.4276326017537553,122.24515028773263,2.040975570678711,1.1956391334533691,0.9425407648086548,0.052645180374383926
-13.713973997704674,1.4834566625697028,100.08464227729878,1.8250398635864258,1.243499994277954,0.774017333984375,0.011624271050095558
-13.839370895173246,1.3746211192398547,131.31646648259576,2.024783134460449,1.243499994277954,1.108048677444458,-3.1070733070373535
-12.296524319831509,1.3862143076126405,122.79226670113266,2.012557029724121,0.9701293110847473,0.7041387557983398,0.030287638306617737
0.13036780932295244,1.3714511559473501,66.68935593373152,1.716536521911621,2.024026393890381,4.03000020980835,0.014362066052854061
-1.5503466322366493,1.1546783906283573,112.75263739806053,1.409999966621399,2.1873884201049805,4.03000020980835,0.06943822652101517
0.4601025564456952,1.5395433341021876,34.23396189116204,1.4527387619018555,1.7915105819702148,4.03000020980835,0.08738774806261063
