6.591393190662425,1.8009338395075982,22.250514197982497,1.7090816497802734,0.7557001113891602,0.6961448788642883,1.6032943725585938
4.614879564698568,1.912788380175085,48.03226562866272,2.0686492919921875,0.8414613604545593,0.6000000238418579,-3.0830435752868652
-6.572493196233053,2.0508458378230157,79.55525115938022,2.2756872177124023,1.8967690467834473,4.03000020980835,0.012770536355674267
-3.161559421904903,1.9677045283241388,28.37809817647263,1.9200239181518555,1.9350370168685913,4.871617794036865,0.03886100649833679
-2.904127796568574,1.8527792996757477,9.138261590618251,1.7846803665161133,1.8854501247406006,4.971600532531738,0.005590663757175207
-0.1872826707745918,1.8805359357263867,23.072493318911956,1.8154144287109375,1.9413254261016846,4.03000020980835,-0.015227741561830044
0.7554341405131144,1.402975077220447,129.82896229440857,1.8199653625488281,2.2556679248809814,4.03000020980835,0.006738457828760147
8.371051520671251,1.7579502564998797,29.770541769661563,2.1881227493286133,1.7400000095367432,5.73063325881958,-3.1063730716705322
-6.996156537366177,1.7794163279988502,106.66380989074952,2.500333786010742,2.257028102874756,4.03000020980835,-0.005255374126136303
-2.0185998351670995,1.922604046690344,47.96343850625683,2.065423011779785,1.9577155113220215,4.626755237579346,0.04788166284561157
2.0704434345880482,1.954172129887299,33.11482849287545,1.7225065231323242,1.8168833255767822,4.03000020980835,0.020392747595906258
