-12.447188252824942,1.4504209648156914,33.60417841136166,1.8350982666015625,0.8014729619026184,0.8691444396972656,-1.6703864336013794
-13.582693143677806,1.276101969314135,45.281245665526164,1.7755088806152344,1.148057460784912,0.779643177986145,-3.1010348796844482
-12.528099948534964,-0.08009715696685626,140.41861896252223,1.6735000610351562,1.0289214849472046,0.6000000238418579,0.012228925712406635
4.206054566760405,1.3292206677817657,16.871655856832422,2.021270751953125,0.9038716554641724,0.6334962844848633,-0.03849945217370987
0.7698840860434334,0.9875816073240953,65.00913335749894,2.07781982421875,2.327517032623291,4.03000020980835,-0.010168268345296383
12.080418559351408,1.1844210065239562,26.96241034437656,1.6453742980957031,1.7928498983383179,4.611940860748291,1.5672680139541626
8.575270789828052,0.8544994354378235,59.70300360713418,1.7435340881347656,1.7400000095367432,4.03000020980835,1.5690357685089111
-2.435679935888379,1.255893352701251,42.36960244848305,2.276500701904297,1.9683423042297363,4.10856819152832,0.011911138892173767
-6.562823616744089,1.4269798650772476,28.873870190220376,1.7222747802734375,1.8562815189361572,4.882862567901611,-3.1353585720062256
-9.810300432596637,0.6834388610575226,99.45937416313379,1.5711441040039062,1.982863426208496,4.03000020980835,-3.128920555114746
9.06592594130262,0.7617607322035276,65.65587799357772,1.6546974182128906,1.7400000095367432,4.03000020980835,-1.575977087020874
9.570366344303482,-0.7074527329203217,138.41217342720978,2.0599021911621094,2.784268856048584,6.473742485046387,-1.5671278238296509
-3.2220695046262695,1.4457713491955193,21.507252869110882,1.6572189331054688,1.9668892621994019,4.03000020980835,0.01440679281949997
