-6.142536533274424,0.0662801449239745,112.42892658929506,3.948017120361328,3.184420585632324,4.033266544342041,3.107039451599121
-9.974678130596415,0.0077505108812288,118.71986172246902,4.147789001464844,3.357692241668701,5.514273166656494,3.1198880672454834
-9.57029234213441,0.8316275823803074,91.04039148492267,2.872814178466797,2.579263210296631,5.057313919067383,-3.121356248855591
9.342754406196168,0.5749410054986117,95.5237530340845,1.7473640441894531,1.0926774740219116,0.9533443450927734,0.8298554420471191
18.257348811904894,0.43071880092138304,97.7081128818095,1.9106121063232422,1.0119001865386963,0.664169430732727,2.5735979080200195
7.317536900941497,0.6163025663326498,95.52579270324003,1.96966552734375,1.243499994277954,1.0740259885787964,0.5217675566673279
-0.03382731471830832,1.7289386554220156,8.94146745654626,1.7376594543457031,1.9766428470611572,4.03000020980835,0.017192110419273376
13.358743801292658,0.6885736500502129,90.95163160557021,1.4539432525634766,1.7400000095367432,4.767392158508301,2.1945018768310547
25.18463634934631,0.4784969458168973,90.66524658822898,1.936727523803711,2.1252832412719727,4.956549644470215,2.144028663635254
20.377730038631544,0.5606650373815205,91.69657957912258,2.0229835510253906,1.7400000095367432,4.709738731384277,2.174332857131958
-2.9638021857444348,1.7076162059723519,9.16198126688039,2.799999952316284,2.5,7.5,0.011493250727653503
