-7.439253035585912,2.0371450861608693,53.78351256740322,1.0884943008422852,0.5325113534927368,1.7079358100891113,-0.04000876471400261
-1.125241241854444,1.8389028081628895,39.727304951299196,3.130857467651367,2.6453351974487305,9.5,0.027940133586525917
5.546495525156593,1.5211290777854496,23.557307866939592,1.7887353897094727,0.8246303796768188,0.6681519746780396,-0.0017875735647976398
6.3851535752241375,1.525119236923299,47.79324283091146,1.7481365203857422,1.149245023727417,0.6145551800727844,-0.01970360055565834
-9.562062444357212,2.2046816880360827,91.48013003643855,2.1345999240875244,1.243499994277954,1.4164999723434448,3.097646474838257
-9.888869693699021,1.9984841944693423,60.40108410441653,1.696150779724121,0.7488914728164673,0.8741474151611328,-1.629382848739624
7.4625895873168595,1.4803025784064374,49.591694507602696,1.7034711837768555,0.6000000238418579,0.6285090446472168,1.602216362953186
-8.226564598573624,2.279704926192414,120.86503230832366,1.6850652694702148,1.243499994277954,0.8573774695396423,-3.1255946159362793
-5.669730082283808,2.1051358424454056,53.00401830178806,1.644338607788086,0.7305233478546143,0.7582546472549438,2.091252088546753
7.515274098698888,1.459588889332188,42.14709875034432,1.6118192672729492,0.6636301279067993,0.6511139869689941,1.5357460975646973
-9.77593792548603,2.2892379604444404,120.79961580503507,1.5624666213989258,1.1538807153701782,0.9637855291366577,3.1075894832611084
7.56670612560358,1.4482460419412055,39.125906186956094,1.5701904296875,0.6000000238418579,0.6000000238418579,1.5386098623275757
2.9462318990158414,1.7237549552934421,9.184389311046845,1.5137338638305664,2.124478578567505,5.137817859649658,-0.005620595999062061
-6.4071106716404405,2.10317397217909,70.94430511432842,1.409999966621399,2.3035330772399902,4.530574798583984,-1.0457812547683716
3.052139795395265,1.752484411124256,31.635237869282093,1.5861854553222656,1.7828630208969116,4.03000020980835,0.0025759416166692972
2.2542425080869255,1.7977853206984173,45.25826403306439,1.7745084762573242,1.936946153640747,4.559622287750244,0.10560847073793411
2.9462318990158414,1.7237549552934421,9.184389311046845,1.5137338638305664,2.124478578567505,5.137817859649658,-0.005620595999062061
