-6.063113771977234,1.5707367908496357,78.54183538471428,1.2300949096679688,0.6024641990661621,1.9802955389022827,-0.002424748381599784
-2.9982369349060023,1.6154785159212808,144.50287165077054,2.0250000953674316,1.1180728673934937,1.0324000120162964,-0.011056515388190746
-6.9544815362248,1.4676522050259186,18.167175679810768,1.5272455215454102,0.6573961973190308,0.6000000238418579,-0.014331634156405926
-7.444235190417619,1.3968497877836188,24.322231014065096,1.7000751495361328,1.18424654006958,0.7543277144432068,-0.019434940069913864
-8.282276096174638,1.587201645999917,100.79786045216817,2.1345999240875244,1.214741587638855,1.1490379571914673,-0.03730570897459984
7.703248039922518,1.534511378233458,33.16254821481134,1.876856803894043,0.9657174348831177,0.7307313680648804,-0.05208497494459152
-7.883345398617752,1.4805959858176978,77.0919611105732,2.1290645599365234,0.9614506959915161,0.6844158172607422,0.03699452057480812
3.6482579425455146,1.747337795120878,12.146181750336408,1.6447772979736328,0.8702844381332397,0.7075953483581543,2.112055540084839
0.3809357806265787,1.5615178906509461,56.367347002487016,1.7022733688354492,2.01320481300354,4.523605823516846,3.233835013816133e-05
3.5812678769027393,1.6718164145128358,122.60199684230382,2.461554527282715,2.3206934928894043,4.03000020980835,0.47556376457214355
3.934855923183138,1.774601363657859,9.045446491636614,1.444117546081543,1.7400000095367432,4.91262674331665,-0.003777488134801388
-8.339586863559154,1.6800067860939958,108.69006470127101,2.0888595581054688,2.3819451332092285,4.875863075256348,-1.2876499891281128
4.419607976549598,1.6627822499013023,57.507988633851035,1.6208839416503906,1.7400000095367432,4.03000020980835,0.004904808942228556
4.452612635867754,1.6384037576404773,45.404783707904485,2.037679672241211,2.114748954772949,4.03000020980835,0.04391488805413246
