0.5634119200102031,1.8244750372943457,47.18497682867155,1.8087234497070312,2.0992746353149414,4.03000020980835,-0.005750009324401617
-2.429559078526453,1.745777971811533,15.075709419894878,2.3504257202148438,2.6247920989990234,7.020100116729736,-3.1247706413269043
-5.906773571033201,1.837435396982046,17.641364918072625,1.5243911743164062,1.745710015296936,4.397041320800781,3.1033380031585693
-5.906773571033201,1.837435396982046,17.641364918072625,1.5243911743164062,1.745710015296936,4.397041320800781,3.1033380031585693
-2.3785075462284304,1.8157360175321584,34.33438648669273,1.6773529052734375,1.8578487634658813,4.534573078155518,-3.1370599269866943
-1.562783713787434,1.9265415803639054,61.61795340541152,1.4857940673828125,1.7400000095367432,4.538440704345703,-3.139957904815674
3.2163247001191975,1.920408720524289,65.49654341110984,1.5360946655273438,1.85100519657135,4.03000020980835,0.03196950629353523
6.190099246391491,1.780402098969316,11.51292929691612,1.7680740356445312,1.960578441619873,5.939686298370361,0.007090150378644466
-3.596569857259489,2.257767920335002,97.05162327094126,3.65960693359375,3.681101083755493,9.5,-3.117424488067627
2.8898703335798173,1.7263068008959765,14.449406235631564,3.853800058364868,3.263400077819824,12.451375961303711,0.003909507766366005
