4.617627998725518,1.7913324114217266,26.61434878624526,3.0854034423828125,2.5025086402893066,6.7865753173828125,-0.03716975077986717
4.331646366573353,1.7605041889293935,19.965595298457107,1.7976226806640625,1.896338939666748,4.118011474609375,-0.010210515931248665
-8.980931449878412,1.8244316932822673,22.530368031081863,1.6767501831054688,0.6363873481750488,0.6000000238418579,1.2869924306869507
-8.447944818820446,1.8856698452175298,23.45032650028469,1.7499847412109375,0.8478701710700989,0.7150825262069702,1.0735596418380737
-10.411301136483395,1.9908829783985524,94.57513523686208,2.0643768310546875,1.1246917247772217,1.0444679260253906,-3.1283810138702393
-9.98762490081604,1.7585704859998477,22.79886826462274,1.8394775390625,0.6000000238418579,0.6000000238418579,3.1218059062957764
-11.825132499890232,1.845273843926833,44.920226008392184,1.7914657592773438,0.8689431548118591,0.900248646736145,-1.3131380081176758
-4.273153594729851,1.8161221989136784,23.40100368972133,1.8880386352539062,1.9671735763549805,5.368908882141113,-3.1395461559295654
-7.412172190723672,1.946303702003024,31.981319819187426,1.409999966621399,1.7668102979660034,4.03000020980835,3.1396450996398926
4.377106111209523,1.7249179343301086,12.203642033230487,1.6490936279296875,1.7400000095367432,4.255745887756348,-0.017137572169303894
4.860003234152612,2.0362898885259506,55.382428112940005,1.8628463745117188,1.8287146091461182,5.051454544067383,-0.008932651951909065
-3.3610888209672907,1.863278904499115,36.263844966669794,1.6953964233398438,1.7579913139343262,4.6457414627075195,-3.1334381103515625
4.730457765144836,1.9321561827146825,43.176209523318,1.409999966621399,1.7400000095367432,4.03000020980835,0.002818443113937974
4.377106111209523,1.7249179343301086,12.203642033230487,1.6490936279296875,1.7400000095367432,4.255745887756348,-0.017137572169303894
0.07646147837136674,1.6930986677951978,15.125718638602098,1.8368606567382812,1.7442190647125244,4.03000020980835,-0.006963326130062342
