6.5227919152448965,1.9923773693113453,44.15108434940982,2.763998031616211,2.4509801864624023,5.487651824951172,0.07357131689786911
9.781615125794682,2.026507431315336,51.283301149423586,1.5459365844726562,0.714052677154541,0.6000000238418579,0.10325504839420319
-1.6229135590489783,2.3059990257253116,114.57988748771636,2.0232791900634766,0.7833642959594727,0.8803468942642212,2.134042501449585
-4.939818913778484,1.171060279422496,42.669434094260495,1.5247859954833984,0.6547574996948242,0.6000000238418579,0.05382164195179939
-5.770212741795326,1.0676534738192816,41.45739445650464,1.575836181640625,0.9910629391670227,0.6000000238418579,0.03960808739066124
-5.328760092147332,1.606313063600618,12.560045280013943,1.7147350311279297,0.9484425783157349,0.6000000238418579,-0.14327885210514069
-2.37510429306166,2.3041218390324114,115.21282160329362,1.8765182495117188,0.6844584345817566,0.8655407428741455,2.1532528400421143
-8.728263871365597,1.4818897296302427,58.407536430593964,2.4488773345947266,1.7400000095367432,4.03000020980835,1.6349741220474243
-4.510968721305511,1.825096854440777,99.4951002720196,2.0853023529052734,2.2410788536071777,5.0959248542785645,0.31540027260780334
-2.197611336699161,1.5999583860009639,29.6063557771889,1.6057662963867188,2.0706076622009277,4.03000020980835,0.056963734328746796
