-4.363811941344252,1.2303535590032282,59.744802457486294,2.557016372680664,2.0131478309631348,4.03000020980835,0.039817728102207184
-12.970215114611126,1.7881358505712517,48.570841099731204,2.292562484741211,2.471531867980957,6.360799789428711,-3.1183395385742188
-3.472069765299925,1.7201082070425566,42.874482649998676,2.147587776184082,2.152587652206421,4.155841827392578,0.0301043801009655
-5.141632646725823,1.891367745242577,29.61928634800209,1.5176353454589844,1.8967008590698242,4.03000020980835,0.033905401825904846
-1.9289035355992494,1.7719854701030824,28.504826493400333,1.415313720703125,1.9810762405395508,4.03000020980835,0.035378314554691315
2.793779016869699,0.45469386399361866,76.65337745890483,1.409999966621399,2.2448458671569824,4.03000020980835,-0.31816956400871277
-0.10671323395431909,0.8134951764649198,68.92271347147538,1.819742202758789,2.3347020149230957,4.03000020980835,-0.17126619815826416
-2.307718110121233,1.8211871970713538,22.793340760713598,1.5148143768310547,1.8465362787246704,4.089993476867676,0.03993401676416397
-0.7805448871222966,1.2266134675646139,56.94223963317973,1.762533187866211,1.8330821990966797,4.03000020980835,0.020843038335442543
-15.513564705509024,0.8402452066112849,99.7651701557814,1.7593965530395508,1.7400000095367432,4.414175033569336,1.6010987758636475
-4.842603183165673,0.8937800808282725,70.60886218063222,3.2325057983398438,3.236185073852539,7.5,0.015230760909616947
