-12.555235557030842,2.3728887113892188,44.30848561152711,1.8349113464355469,0.6979719996452332,0.7314134836196899,3.1269237995147705
-0.657608416573891,3.3836078343884752,100.8166749669889,2.1192588806152344,0.8567708730697632,0.9623261094093323,1.620381474494934
5.330983374583419,2.902456737385677,81.14451512195998,2.0232105255126953,0.6000000238418579,1.0762730836868286,-1.8192192316055298
11.239157990537583,2.28768002300949,53.10024299814158,1.9786815643310547,0.8088356256484985,0.8418020009994507,-0.04529421404004097
8.989335744895252,3.1426444538494187,96.43577685169373,2.0584564208984375,0.6204159259796143,1.0122874975204468,-1.6571011543273926
-2.237809338992832,3.0735556241151696,81.56302890284047,2.121368408203125,0.6000000238418579,1.006313681602478,1.5710070133209229
-7.0788136472921375,2.3446850251188716,25.019345675489333,1.6385784149169922,1.7400000095367432,4.03000020980835,-0.06600663810968399
-0.279810297252747,3.942826962143222,128.67483098833307,1.9283523559570312,2.1138877868652344,4.03000020980835,-0.03128781542181969
-6.708871501803018,2.4260086398559517,30.250659881073847,1.5613822937011719,1.7400000095367432,4.139950752258301,-0.10605818033218384
10.835516727517879,3.6513770883132155,126.19856893610344,1.640594482421875,2.2193245887756348,4.058107376098633,-0.07940652221441269
-5.113405109692877,2.782222584574507,57.71850821812337,1.594411849975586,1.7400000095367432,4.03000020980835,-0.04333147779107094
-5.38271411558812,2.7493681121369393,52.473404913189626,1.7546939849853516,1.7400000095367432,4.03000020980835,-0.06568026542663574
-7.534478176407164,2.240265922921137,17.251584001114477,1.6292667388916016,1.7400000095367432,4.4994306564331055,-0.06600663810968399
-4.509687398992226,2.877942997594989,63.96315055594941,1.752227783203125,1.7400000095367432,4.03000020980835,-0.07832790911197662
6.559643935401067,2.618670523862834,57.06692681192522,2.515700101852417,2.3244876861572266,5.4467973709106445,-0.06779621541500092
-5.984561876054008,2.5995329367923437,40.89622159123641,1.5964984893798828,1.7400000095367432,4.03000020980835,-0.07828754186630249
3.1576309051250937,1.862186003334497,7.471448370400223,1.9081745147705078,2.1592774391174316,5.052438735961914,-0.11024569720029831
-3.920336459717625,2.972146781278833,72.01106642823844,2.515700101852417,1.7843005657196045,4.03000020980835,-0.046660080552101135
-1.8246745768873631,3.4942538586621876,102.01414844704237,2.1972694396972656,2.304058313369751,4.03000020980835,-0.02642608992755413
-5.460552758738867,2.668133740880327,46.694792341401936,1.8080692291259766,1.7546093463897705,4.03000020980835,-0.07591769844293594
3.598996701138676,1.989093590209123,17.612502170248785,1.4976253509521484,1.7595723867416382,4.03000020980835,0.03694760426878929
-9.622938438327314,3.268532027708013,85.01977002941577,2.6059000492095947,0.47909998893737793,1.0786999464035034,-1.5878127813339233
