9.790302664669772,1.771646575870439,27.553812156631697,1.3145618438720703,0.6217024326324463,1.6240928173065186,-0.33680495619773865
8.218433269664427,1.8259519969108216,24.716895074631157,1.6614913940429688,0.6391139030456543,0.6790164709091187,0.8902204036712646
-11.148061523261251,2.1668508040153616,41.374124664573586,1.6873703002929688,0.7401385307312012,0.6000000238418579,-3.1157379150390625
6.371153730148009,1.9305220544566355,26.89945734657979,1.827901840209961,0.6000000238418579,0.6000000238418579,-1.4940177202224731
-3.2703921147279704,1.9338688011125957,23.14397241823013,1.5175819396972656,2.072423219680786,4.6875128746032715,-3.1404531002044678
13.653815152556577,2.0712423588699003,78.97389883781368,1.7689838409423828,1.7425178289413452,4.03000020980835,-0.6671209335327148
3.7908232930919583,1.9896833520065602,37.12244368072221,1.5583114624023438,1.823025107383728,4.03000020980835,0.12647035717964172
0.24573519897112334,1.7846685444221178,9.501691849495314,1.4922866821289062,1.7400000095367432,4.03000020980835,-0.43609923124313354
13.296703084291902,1.991150458731775,67.75689725319084,1.4984798431396484,1.7400000095367432,4.03000020980835,-1.5313007831573486
11.182438888568088,1.710202310837886,25.03393175163339,1.7285785675048828,1.8380215167999268,4.03000020980835,-0.6255975961685181
6.702973314909944,1.9154922299784207,26.674235023638516,1.4434490203857422,0.6407455205917358,1.0786999464035034,-3.056842803955078
7.404057715547777,1.8880331515521185,26.30115460248661,1.2920169830322266,0.47909998893737793,1.0786999464035034,-0.9946293234825134
7.941454433869738,1.9100957081265697,27.487010023043965,1.5078296661376953,0.5487695932388306,1.0786999464035034,2.3774943351745605
7.4732837981060944,2.0270905823538317,38.84089675379037,1.9162330627441406,0.7988470792770386,1.0786999464035034,3.053159236907959
