18.89497439252885,1.2396282891495014,49.64171824322398,2.870205879211426,2.8097352981567383,5.444949626922607,0.14834026992321014
-11.012158727317845,2.2071309563905435,74.81776781657508,2.894512176513672,2.2080435752868652,6.39671516418457,3.1125199794769287
3.4468013759723655,1.771664140984248,5.8670341836851705,1.7794923782348633,1.8214247226715088,4.675911903381348,0.02925008162856102
12.182774009373073,1.4948787657217548,47.28382045212406,1.4978446960449219,1.8109692335128784,4.565361976623535,0.13115158677101135
3.7493285272121497,1.79936646597732,21.55666608270112,1.6572532653808594,1.7400000095367432,4.049623489379883,0.017545586451888084
-3.061124695878946,1.7880243245869647,20.766365263962722,1.4400653839111328,1.7400000095367432,4.162806034088135,-0.006083252374082804
-12.015818346075342,2.2092244741659806,32.240318324291174,2.2191162109375,2.3873910903930664,6.790885925292969,-3.119464874267578
0.21256445057463555,1.7496550816748382,10.691887411815484,1.747091293334961,1.9775617122650146,4.03000020980835,-0.003924583550542593
-3.7722753625616754,1.7477387573917231,8.073472680364908,1.5081548690795898,1.7400000095367432,4.463039398193359,-0.00664799427613616
14.859105203216272,1.5372512610478917,59.353490819245195,1.873978614807129,2.208982467651367,4.854280471801758,-1.5545169115066528
-11.322588201434675,2.1981165092523063,56.98019110219529,2.484646797180176,2.227193832397461,6.8739166259765625,3.1404571533203125
