-11.906654879971484,0.484562403294196,72.20769166151683,3.478041648864746,2.888204574584961,8.196969985961914,-3.137408494949341
-2.335189156593813,1.4282203600804233,23.236600102505662,1.4532604217529297,1.7710819244384766,4.555303573608398,0.04975704848766327
-8.027821748230364,0.6427783554195448,59.72367064798181,2.406343460083008,2.2812254428863525,5.874290466308594,3.132517099380493
-2.626275504913584,0.673368466811925,54.960567821333136,1.9823875427246094,2.0670862197875977,4.196473121643066,0.012669619172811508
3.6865743103175004,1.1415614061781956,36.5577108530057,1.6904773712158203,1.7400000095367432,4.03000020980835,-0.010305045172572136
-11.99404941572901,0.9467250702813229,52.29415255298413,2.515700101852417,2.6470494270324707,5.599377632141113,-3.130427122116089
-8.037671341915791,0.3490951067997785,71.31686035707696,1.8506221771240234,1.7400000095367432,4.17133092880249,3.1240928173065186
3.5099773685228906,-0.17728148960927936,87.22089615157782,2.121790885925293,2.47864031791687,4.03000020980835,-0.012948563322424889
3.7383372149319856,0.9986729022821427,42.16213501315485,1.814112663269043,1.7400000095367432,4.03000020980835,-0.00955063384026289
3.7011799007383277,1.2649595161678016,30.65331244756132,1.5010414123535156,1.805372714996338,4.03000020980835,-0.003414502600207925
0.30810009025297347,0.6252922507202111,57.43599647285175,2.0610885620117188,2.175808906555176,4.03000020980835,-0.014788421802222729
-12.336276922357158,1.538521858480288,26.93105711445563,1.409999966621399,1.859381914138794,4.03000020980835,3.14131236076355
-8.283250032190445,1.3308595459059713,30.484637698025253,1.7977275848388672,1.9857134819030762,4.331144332885742,3.1257002353668213
-11.613173592860896,1.3219630752843734,34.386535450986244,1.409999966621399,1.752755880355835,4.03000020980835,3.1411190032958984
-8.581470399226824,1.0928317448610927,41.153930096316245,1.4785842895507812,1.7428908348083496,4.525952339172363,3.1191654205322266
-8.295431163142943,0.07245161203327033,80.3253236609882,1.409999966621399,1.7400000095367432,4.03000020980835,3.1191821098327637
