2.918286701289297,1.7427791877953267,2.6367325007597833,3.0,3.0077109336853027,12.294578552246094,-0.000578138860873878
2.4131466230333585,1.2611444225271558,100.38374305142192,2.50042724609375,1.9886929988861084,5.713831901550293,2.5295655727386475
-0.8425985357200392,1.4309482171113417,25.293073002133045,1.4852352142333984,1.7400000095367432,4.03000020980835,0.3107888400554657
-45.834815973781396,1.029359994409786,117.8008743821993,2.2622814178466797,1.7400000095367432,4.832222938537598,-1.8699532747268677
-5.28935293068899,1.3676701410733614,23.528033453472922,1.5003490447998047,1.8328003883361816,4.03000020980835,0.46318140625953674
-12.56079562478156,1.1883849887751126,77.8571248565778,1.4366035461425781,1.9076640605926514,4.249231338500977,2.6232187747955322
-12.366403984214308,1.229808289870812,84.99284581228164,1.825307846069336,1.7400000095367432,4.03000020980835,2.535895586013794
-8.336995194304041,1.17640254629959,84.3389584944303,1.624114990234375,1.7400000095367432,4.263419151306152,2.5511412620544434
-20.07470124907882,1.2067964413924468,62.318133773866094,4.18098258972168,3.259999990463257,6.4448161125183105,2.7856438159942627
-17.637607666032412,1.1926493014496948,68.15404558757456,4.105356216430664,3.263400077819824,10.170000076293945,2.711664915084839
