-5.204875174898882,1.803005768046324,76.10453422597257,2.7438278198242188,3.401120185852051,8.747042655944824,-3.1346538066864014
14.304561189127508,1.519641907042684,35.64075659525291,1.8158550262451172,0.8855307698249817,0.6000000238418579,-0.0273754820227623
14.739291964768244,1.407641799893556,47.752356820474155,2.1345999240875244,0.9729306697845459,0.6000000238418579,3.0735082626342773
-12.477171580194604,1.9355155951337786,104.86676958090598,1.5673351287841797,0.8393051624298096,0.6110133528709412,-0.0068099619820714
11.810402247723545,1.4823300698527104,43.161796569686985,1.6351890563964844,0.7439402341842651,0.6000000238418579,0.08435503393411636
12.812012078054773,1.5489414330701305,37.48116920534238,1.6321868896484375,0.8070535659790039,0.6000000238418579,-0.06022080034017563
-13.290201143901628,1.9294512041007486,95.55922629824485,1.5,0.7623171210289001,0.6000000238418579,-0.014823696576058865
0.8509624406339688,1.632549080433849,67.44928582967266,1.7811641693115234,0.7252403497695923,1.0115759372711182,-1.6114238500595093
24.560726395966437,1.2357289644860696,61.00409154316844,1.8008594512939453,1.8424421548843384,5.354357719421387,1.582314372062683
-10.305719624336588,1.9457721210026655,25.9621295686158,1.4795303344726562,1.7400000095367432,4.374978065490723,-1.5291932821273804
7.491751790750294,1.5899793432111329,95.33961333465292,1.409999966621399,1.9415884017944336,4.391226291656494,-0.06265167891979218
0.08905683963293724,1.7177237523528381,8.069191169327253,1.5440425872802734,2.142735004425049,4.03000020980835,0.007737697567790747
-8.898164983483287,1.9905924161173907,81.3530934629658,1.5962581634521484,2.0998177528381348,4.03000020980835,3.1341731548309326
15.658192815843604,1.4112788114866273,105.14062405350126,1.5239925384521484,2.2268996238708496,4.03000020980835,-1.4004828929901123
