4.455176531488538,1.0585897084942442,121.18391429914831,2.672128677368164,2.9275879859924316,5.980373382568359,0.017595726996660233
2.275628437997805,1.4884180932784954,66.69705560216813,1.409999966621399,1.9384424686431885,4.814393043518066,0.023537345230579376
-3.5774365843481273,1.7041088372777269,41.42834526968867,1.704385757446289,2.063467025756836,4.853575706481934,3.1311721801757812
1.3542842626859968,1.255045873074062,95.43983422662927,1.850351333618164,2.2914071083068848,4.669122695922852,0.019469302147626877
5.658354973627063,1.547742497573561,16.72123703132834,1.4260807037353516,1.7990533113479614,4.03000020980835,-0.47852256894111633
-7.3316719577903084,1.8476684861966977,60.43933415741746,1.4722709655761719,1.8550677299499512,5.250164985656738,-3.13765549659729
-1.7666707870418488,1.0816469482510076,120.98564685826075,1.8759193420410156,2.0758438110351562,4.838916301727295,0.027363397181034088
10.94448464170415,0.9825541699316211,84.1931293902349,2.027566909790039,1.7400000095367432,4.03000020980835,1.5680840015411377
5.658354973627063,1.547742497573561,16.72123703132834,1.4260807037353516,1.7990533113479614,4.03000020980835,-0.47852256894111633
4.739151825202075,1.258863856620037,93.22674972734102,1.9256343841552734,2.122995376586914,4.745574951171875,0.022288093343377113
-3.224738269717161,1.6585759529622885,50.69598883455246,1.7874298095703125,1.8809781074523926,4.060430526733398,-3.125324010848999
16.02810357174705,1.24908861913255,36.53051464261175,1.409999966621399,1.7400000095367432,4.03000020980835,1.5816502571105957
-6.527651436148957,1.8682280244396656,32.718944136357756,2.2082176208496094,2.4416537284851074,6.2056474685668945,-3.1258413791656494
