-4.821878228200324,2.781287034523114,75.02863135662422,1.497708797454834,0.9714018106460571,2.099759578704834,0.2879021167755127
-4.789945145494638,2.778901094852408,75.06342220671426,2.0250000953674316,0.9462675452232361,1.477189302444458,0.28348955512046814
-7.294286835764705,1.813865824564644,45.50228892530392,1.5,0.6000000238418579,1.0049033164978027,-1.4585978984832764
7.200772399409998,2.546298810820815,53.38961425655499,1.5538902282714844,1.7400000095367432,4.3344316482543945,-0.0021406414452940226
-27.36449643097361,3.0094853960116694,105.74959238663313,1.8234331607818604,1.830532431602478,5.681057453155518,1.5821152925491333
7.102760525785365,2.776052314782305,69.74988890253516,1.8880040645599365,1.8900270462036133,4.700368881225586,-0.018164103850722313
-33.99084694312412,3.0438650897776682,105.8146636215589,1.7272388935089111,1.7400000095367432,5.157644271850586,1.5709261894226074
6.87901338711152,2.253146152351487,31.144241951239273,1.5688743591308594,1.7400000095367432,4.404587268829346,0.003306003287434578
-9.305032766525139,3.0935013931111612,123.17662026874588,1.8559765815734863,1.7400000095367432,4.03000020980835,1.4270521402359009
7.373762249890253,2.131570874085668,24.415545400513473,1.7752864360809326,2.048131227493286,4.776034355163574,0.023754272609949112
7.143853539377249,2.712685707249719,64.35506477389215,1.6081581115722656,1.7400000095367432,4.409134864807129,0.009285828098654747
7.210432348656314,2.87711937308865,79.99701596967256,1.7666912078857422,1.7400000095367432,4.03000020980835,0.018214162439107895
7.219274755643708,2.4604080085591526,47.77088952437143,1.5637898445129395,1.7400000095367432,4.326695442199707,0.05450696498155594
7.869054254600487,3.515430408593417,130.29513782216458,2.2039928436279297,2.1001338958740234,5.76192569732666,2.69303560256958
6.952114136982606,2.3310087698233986,36.56647102478871,1.6526129245758057,1.7400000095367432,4.263208389282227,-0.01766226999461651
4.743211051073565,3.284569048720229,123.39362588367429,1.457012414932251,2.382308006286621,4.627852916717529,2.678797721862793
7.238166703583093,2.6552528284034445,58.91578693391681,1.5840747356414795,1.7400000095367432,4.221586227416992,-0.028188830241560936
-40.06916678264271,3.043304466851964,105.92645705681782,1.6713709831237793,1.7400000095367432,4.783385276794434,1.5644110441207886
0.8390523986156688,3.1761011459998727,117.59329344576868,1.4888916015625,2.0350289344787598,4.631121635437012,2.654366970062256
7.133537872895285,2.401697302174007,41.94741941613476,1.8151392936706543,1.7400000095367432,4.352899074554443,0.003046000376343727
