5.005758768122631,1.6397856518264806,31.840679816509926,1.5,0.6000000238418579,0.6819062232971191,0.1398189216852188
4.547026445635319,1.6392324541328263,36.07497826633374,1.5662593841552734,0.6619333028793335,0.6000000238418579,1.674410343170166
6.5943087579920405,1.7018859085554778,15.10821091281126,1.8309354782104492,0.6000000238418579,0.6388960480690002,-2.471996307373047
-11.627867426508036,0.9235076338953512,91.3328565453569,2.1260547637939453,2.6980783939361572,5.777788162231445,0.1432977318763733
4.0605972353803335,1.824920712627149,7.772114191453422,1.4912357330322266,2.143869638442993,4.844386100769043,0.14402517676353455
-20.177162775401385,1.097962253588971,71.93717153666402,1.7988672256469727,1.8777650594711304,4.03000020980835,0.372523695230484
-7.695234180255424,1.7844040904809697,28.06001790717321,1.422776222229004,1.7400000095367432,4.779472827911377,0.14273899793624878
-4.3636388566708675,1.4323154784545542,69.74675893273661,1.8012151718139648,1.9856572151184082,4.03000020980835,0.21058037877082825
-9.55647333745438,1.741707983896676,41.63647207650902,1.8971900939941406,2.167445182800293,5.020342826843262,0.171090230345726
-4.795323827945949,1.6099662323619661,53.551571506914286,1.7273178100585938,2.215636730194092,4.03000020980835,0.14106439054012299
-9.423183755541366,1.5046962503284487,61.76638475876693,2.1299314498901367,2.278669834136963,5.0388031005859375,0.010798855684697628
-20.177162775401385,1.097962253588971,71.93717153666402,1.7988672256469727,1.8777650594711304,4.03000020980835,0.372523695230484
-6.994218427585636,1.791670188344077,21.812706900834485,1.8747978210449219,1.9211456775665283,4.775249481201172,0.14753781259059906
1.4323669146527132,1.752764767122843,24.9437721272463,1.877420425415039,1.9484800100326538,4.9933929443359375,0.15689440071582794
-13.8086452369412,1.468578580880628,69.87634326909453,2.3372087478637695,2.236564874649048,4.1419677734375,0.16693761944770813
