-6.859573216220596,1.4898386923021976,40.15041445542589,1.4853992462158203,0.6181561946868896,1.8778512477874756,0.007275484502315521
-4.272404706939323,1.5573331052610762,58.240208779651,1.9794464111328125,0.9723106622695923,1.2543774843215942,-0.0071666608564555645
-4.356278017675119,1.5975631522235152,18.92015183847277,1.791773796081543,0.7520325183868408,1.2171763181686401,-0.012828984297811985
-7.170025563500708,1.170709429898897,112.07813096397751,1.8845224380493164,0.9421872496604919,0.6000000238418579,0.028347797691822052
6.313537263494541,1.4603428123635154,91.89215210901891,1.8193416595458984,0.8279088735580444,0.6000000238418579,-0.07188122719526291
-7.762753019384402,1.4227824450419724,26.523774227960416,1.6038265228271484,0.6496884822845459,0.6998860836029053,-1.5488957166671753
3.673954659078402,1.2157083227949772,129.6049147329578,1.7098922729492188,1.7400000095367432,4.03000020980835,0.012061024084687233
-0.20636704008935713,1.4290612630398516,80.11610974259561,2.009462356567383,1.9334971904754639,4.03000020980835,0.017046723514795303
3.5969188972403274,1.7166596725391654,30.685260066905215,1.5373287200927734,1.7400000095367432,4.431998252868652,0.0046802181750535965
9.834358896501033,1.6836985098179742,77.51949213223132,2.177218437194824,1.8672484159469604,4.03000020980835,-1.5386918783187866
-14.350732897880379,1.3471258613152868,65.48341876976686,1.551417350769043,1.8786606788635254,4.601543426513672,-1.5384026765823364
3.4709796017705328,1.7062952567797853,19.27476540033543,1.6945266723632812,1.7400000095367432,4.488430023193359,0.00809068325906992
3.5896154711606125,1.4639464287108586,88.49101924932816,1.8981199264526367,1.8019227981567383,4.430261135101318,-0.0373283252120018
-1.312801136570903,1.2584464750390156,112.0841504465856,2.323245048522949,1.8964552879333496,4.03000020980835,-0.004490632563829422
3.7280405754286474,1.717299637180167,13.530347569402789,1.781982421875,1.7400000095367432,4.03000020980835,0.10354392975568771
3.7280405754286474,1.717299637180167,13.530347569402789,1.781982421875,1.7400000095367432,4.03000020980835,0.10354392975568771
