4.850338307608048,1.1024806764964827,58.625677527473556,1.7070178985595703,0.7839360237121582,0.8566691875457764,1.6365822553634644
-7.496114952247556,1.3311884988897478,72.9002510086387,1.7373828887939453,2.729459524154663,4.673468589782715,3.1303234100341797
-10.135205010244349,1.2770139724402023,90.07685276861923,1.4975242614746094,1.7938028573989868,4.8843512535095215,-3.132885694503784
-2.4387388138261588,0.8952213190082482,124.36144159713751,1.5556659698486328,2.5074925422668457,4.03000020980835,-0.0023090520408004522
14.424966029871092,1.0069317162653404,39.93599654948854,1.4559516906738281,1.7400000095367432,4.243072509765625,1.6105175018310547
-6.785815383442203,1.578845311229583,28.96337602160373,1.4924755096435547,2.0470006465911865,4.070781230926514,0.05998656526207924
-0.1652580173299809,1.3348001714731268,49.4344312579594,1.4871025085449219,2.0183873176574707,4.03000020980835,0.025973521173000336
-10.135205010244349,1.2770139724402023,90.07685276861923,1.4975242614746094,1.7938028573989868,4.8843512535095215,-3.132885694503784
-10.647254077418907,1.0289174815144815,135.04490426616456,1.6910324096679688,2.2537662982940674,4.9603657722473145,-3.1193747520446777
-17.241462089872705,1.4541528236117232,91.53694525714019,1.409999966621399,2.4110231399536133,5.351025581359863,2.367077589035034
-16.62053367553522,1.609864101791687,57.73111151451277,1.2156000137329102,0.47909998893737793,1.0786999464035034,-1.5525473356246948
8.370972646527242,1.1084896411989447,18.552285576855816,1.2156000137329102,0.47909998893737793,1.0786999464035034,-2.7270030975341797
