-9.925727848106327,2.669460874909935,73.48503257793799,1.6880474090576172,1.7400000095367432,4.03000020980835,-3.1152024269104004
-9.905460849391595,2.5838058892169435,66.43936313057586,1.98712158203125,2.032292366027832,6.023454189300537,-3.1096348762512207
0.21974139642412446,2.150443439295861,44.39474170373124,1.4787921905517578,1.8926382064819336,4.03000020980835,0.007781920488923788
-3.2952211655195107,2.1650134477771936,45.42330125907827,1.8571529388427734,1.8885793685913086,4.03000020980835,0.011830880306661129
-9.696676619448008,2.39042830680921,51.16018705805117,1.5080986022949219,1.9723334312438965,4.555837631225586,-3.107079029083252
-9.914359030600673,2.2637216525876322,39.96276111848387,1.9957962036132812,2.1529898643493652,5.501641750335693,-3.12139630317688
-14.154599548283242,2.4751687628826566,46.03413944557118,1.5661678314208984,2.011986017227173,4.643353462219238,-3.1219491958618164
3.931439391327762,2.742377550134438,99.08337922151166,1.4371109008789062,1.979828119277954,4.03000020980835,0.007242587395012379
5.356108744415523,1.7921079491144487,16.08396927555612,2.328390121459961,1.8329620361328125,4.234748840332031,-0.714111328125
-17.023709194108093,3.678682370715888,139.6578139923548,1.409999966621399,1.7400000095367432,4.03000020980835,3.12835431098938
-3.6920781266775897,2.5417051693925203,78.28060475853876,1.8012027740478516,1.7400000095367432,4.03000020980835,0.03713919222354889
0.03724596773311001,2.6585919272677474,88.55828344399752,4.593366622924805,3.263400077819824,16.30994415283203,-0.008695359341800213
