-0.49329465365193603,1.9266088069850014,18.22800378074502,3.651731491088867,2.794475555419922,4.03000020980835,0.04257058724761009
-4.2308503239491,2.2609036751966967,37.54621592870303,3.484966278076172,2.601414442062378,8.482694625854492,-3.1268250942230225
3.6494605486960543,2.1155166172823145,27.180358077762,1.3252086639404297,0.6007186770439148,1.8987469673156738,1.549574851989746
5.517818083606028,1.9553922383455407,27.91035136054015,1.5,0.6000000238418579,0.6248677372932434,0.03257480636239052
5.7592560952078395,1.9567121588958045,21.225072448014267,1.8184680938720703,0.647506833076477,0.6000000238418579,-0.05873774364590645
6.380616990688199,1.8845011534262095,21.34928950500871,1.7194290161132812,0.6000000238418579,0.6000000238418579,1.449159860610962
-9.78097586602355,2.507669818352852,28.227499319906226,1.719766616821289,0.6000000238418579,0.6000000238418579,-1.586533784866333
10.63266934294765,1.4580413148626468,25.502234328242157,1.7292213439941406,0.6245378255844116,0.6000000238418579,-1.4645380973815918
-12.29581139070987,2.5496127397391577,33.765052786759284,1.564910888671875,0.6415905952453613,0.6000000238418579,3.1201388835906982
5.979010270075281,1.9536443166057162,31.334507149911765,1.6538619995117188,0.6000000238418579,0.6000000238418579,-0.5401119589805603
6.19325024674551,1.9165590365181626,28.521231905622834,1.7649192810058594,0.9608539342880249,0.7891016006469727,3.1282384395599365
-10.768592596257463,2.58192865181573,25.590364166215878,1.6607475280761719,0.6000000238418579,0.6000000238418579,0.7525713443756104
6.548463273724784,2.1080678252949183,49.18230123401506,1.776346206665039,0.6000000238418579,0.6000000238418579,-0.08835908770561218
5.495623319406152,1.9474404847653155,21.92400871634129,1.7331981658935547,0.6000000238418579,0.6000000238418579,-1.787728190422058
5.477188312689271,1.9824661468992022,31.703019018241335,1.7496604919433594,0.6317555904388428,0.6000000238418579,-0.5265907645225525
7.329877539068802,2.0763708380689287,49.66779885027518,1.7617645263671875,0.6504995822906494,0.6000000238418579,-0.03518877550959587
5.407442999038348,2.162681289158458,49.53587452034281,2.0738658905029297,0.753115177154541,0.6000000238418579,3.0819807052612305
-9.64380840462334,2.5917885069271738,23.88435340103505,2.1345999240875244,0.7576189041137695,0.7199352979660034,-1.547529697418213
-4.024623742345874,2.031455783120258,17.603763677741444,1.9344024658203125,2.075305938720703,5.25599479675293,3.13655424118042
3.639549208276422,2.130788332165442,30.846681910291018,1.4573421478271484,1.7864203453063965,4.03000020980835,0.047666192054748535
3.4241874059789428,2.1950493078855726,36.233819388666916,1.529886245727539,1.7400000095367432,4.03000020980835,0.05428849905729294
7.684774368158756,1.9262332450349096,17.44099511287923,1.144369125366211,0.7032784819602966,1.0123419761657715,0.08737991005182266
