-7.563174799936445,1.7837686689495815,30.933214987011198,1.1921000480651855,0.9428700804710388,2.190467357635498,-2.2596137523651123
-13.388106108268707,1.5179044342573702,111.10370576042365,1.7406387329101562,1.1930971145629883,0.9285709261894226,-3.110274076461792
8.18630095922814,1.479233186619135,39.10102162051817,1.5577621459960938,0.7209241986274719,0.6817218065261841,-0.01629069074988365
-8.45263075156142,1.7496303831597482,55.15672644145435,1.9481658935546875,2.0666513442993164,5.072978973388672,-3.1151416301727295
2.372027709932943,1.3258665128978424,132.43713862061998,1.4488067626953125,2.597625732421875,4.03000020980835,0.03682974353432655
3.8220180868991838,1.6924809763561712,45.9834108205922,1.90362548828125,2.1721816062927246,5.128873825073242,0.02290322817862034
3.406984816857276,1.5579369405956842,74.87201810722975,1.7235031127929688,1.7400000095367432,4.241395950317383,0.019983826205134392
-9.116743309220398,1.3653167916360598,141.21469357425462,1.7119827270507812,2.5835914611816406,4.03000020980835,-3.11911678314209
-4.9645932023039165,1.643483479342964,54.0354085915222,1.9223785400390625,1.992184042930603,4.049365997314453,-2.9774744510650635
-3.5990315039296177,1.6998364264448778,30.711020893043383,1.4858474731445312,1.8519586324691772,4.03000020980835,-3.089536666870117
-0.8868415525996236,1.5153669698787908,76.21830157651323,1.6632537841796875,1.8304600715637207,4.03000020980835,0.029824495315551758
-21.20041590823456,1.5852767864024968,110.20677595463283,2.11236572265625,1.7400000095367432,4.03000020980835,2.077044725418091
3.9137327670344697,1.7255495591976675,34.98958266311924,1.5811614990234375,1.781184196472168,4.03000020980835,-0.009053817018866539
0.46252904299532044,1.7114200849318582,8.685486787849086,1.4943695068359375,1.778702735900879,4.03000020980835,0.0270336102694273
-8.462088171367213,1.781341858769263,47.39936251890589,1.5582046508789062,1.7400000095367432,4.03000020980835,-3.125915765762329
-8.528205556626233,1.800097702941954,42.295998797425284,1.4113922119140625,1.7400000095367432,4.03000020980835,-3.122523307800293
-7.690335483886506,1.797641865256501,25.155749468175863,1.63623046875,2.0965819358825684,4.0554022789001465,-3.112717390060425
-1.2590214651070424,1.4345308608637433,96.23362426967593,2.0348129272460938,2.498656749725342,5.075830936431885,0.016205305233597755
-8.1589859675845,1.7981971716848897,36.72702557939989,1.6080322265625,1.765181541442871,4.03000020980835,-3.1160871982574463
