4.225004490688818,1.724176968972153,10.579147204512363,3.0854034423828125,2.5025086402893066,6.7865753173828125,-0.01576448604464531
-13.910153010106416,1.2524916439937503,51.50376773036511,2.1345999240875244,0.7887064814567566,0.6132462024688721,1.0082097053527832
-12.157091704149934,1.4129366529186118,73.44717492016282,2.0643768310546875,1.1246917247772217,1.0444679260253906,-3.106975793838501
-10.743828191030039,1.5942285412876118,59.129273773153926,1.6070404052734375,0.8194687366485596,0.6000000238418579,0.03517359122633934
7.699412362630683,1.6055590789785912,50.394678454091206,1.81622314453125,0.8990380764007568,0.6000000238418579,-3.0935726165771484
-13.89638221666906,1.248926700199113,101.87474620351793,1.5,0.6000000238418579,1.210328459739685,-1.5742264986038208
-7.993877040599596,1.7030895499123342,45.559260018651386,1.409999966621399,1.8284682035446167,4.03000020980835,-3.1330792903900146
-12.555361486888165,1.5706258340060326,30.137456538286543,1.7914657592773438,0.8689431548118591,0.900248646736145,1.15334153175354
-8.00895901615034,1.7699907741085736,22.25728533069876,1.9494400024414062,2.0214524269104004,4.192867279052734,-3.118220567703247
-7.7252368256011295,1.7590865993232652,30.39537150797065,1.6261215209960938,2.01869535446167,4.797757148742676,3.1188313961029053
3.9085833604254274,1.7549480311001433,27.01609669970853,1.409999966621399,1.7400000095367432,4.03000020980835,0.024221528321504593
-0.1718751185308396,1.6730391866787442,9.907057256667116,1.8368606567382812,1.7442190647125244,4.03000020980835,0.00822178740054369
