4.714593078875292,1.7557489650233702,18.81513160690143,3.0,2.783465623855591,10.50528335571289,-0.28530630469322205
10.956343082868495,1.731558092976298,23.283087754673886,3.0784645080566406,3.1079516410827637,12.051238059997559,-0.4992651045322418
10.422660652736365,1.741608464725084,28.164914281608606,3.0,2.5,9.5,-0.43718981742858887
0.11998937121594594,1.7125634942712022,9.306623050294748,1.4586210250854492,2.004162549972534,4.2725019454956055,-0.0786253958940506
-23.10848102281711,4.030764432347064,107.88526682524584,1.409999966621399,2.323896884918213,4.03000020980835,-2.720259428024292
-19.28442549247308,3.294119103940414,73.21001019969101,1.409999966621399,1.7400000095367432,4.03000020980835,-1.528091549873352
-23.10848102281711,4.030764432347064,107.88526682524584,1.409999966621399,2.323896884918213,4.03000020980835,-2.720259428024292
-17.360185403962063,4.14803369414869,121.11564849583294,1.409999966621399,1.9784190654754639,4.130823135375977,0.47294360399246216
-17.48377182456936,3.6957932456742677,93.89001060536009,1.409999966621399,1.9981756210327148,4.03000020980835,-2.7672617435455322
-9.694205034682449,3.389012131009068,85.43633319228336,1.8833026885986328,2.2140135765075684,5.821709156036377,-2.7218070030212402
