-2.5264361094981784,1.8470416926501851,86.69286521649647,1.5946197509765625,1.9198583364486694,4.576619625091553,-3.133091449737549
3.0992323728407003,1.7859572430170922,91.89979436983901,1.8710861206054688,2.3158977031707764,4.03000020980835,-0.006491975858807564
-3.1735994839589567,1.8251540866828702,55.1283590772066,1.6395797729492188,1.8691041469573975,4.479013442993164,3.118273973464966
-6.685887872707017,1.9819108694490204,68.37342955942552,1.5450172424316406,1.9409725666046143,4.502383232116699,3.1347391605377197
3.1291446676830534,1.7351713686116554,50.85588696397205,1.4888954162597656,1.7400000095367432,4.719411373138428,0.007263021543622017
-6.684047129900748,1.9156176770926692,51.2337940754111,1.6446914672851562,2.1580047607421875,4.3899383544921875,3.125107765197754
2.855881521325658,1.9428223480549085,113.39359415925581,1.7894821166992188,2.478917121887207,5.215611934661865,2.0097296237945557
3.310172178021541,1.7205199798433448,43.98103389625423,1.6823883056640625,1.8684940338134766,4.395271301269531,-0.008811465464532375
0.7721445958808988,2.0306164135213383,131.19657439660762,2.515700101852417,2.9711222648620605,5.081096649169922,-0.025872427970170975
-6.972470016936004,1.8553257194918025,25.457489032727874,3.0,2.5,9.5,-3.1378607749938965
