-31.5320048437848,2.387950521262386,67.38545339336439,2.6529312133789062,2.3640785217285156,6.1631317138671875,-2.0432815551757812
6.719149969257937,3.251573235555743,110.10534333193628,1.9650497436523438,1.243499994277954,0.7001953125,2.8443961143493652
17.251151433125273,2.4338727807665768,59.747585412006316,1.7251091003417969,0.701476514339447,1.2024803161621094,-1.6746922731399536
9.322783488733158,1.7457310100740977,25.189470090452474,1.768585205078125,0.8204182982444763,0.8236196637153625,0.6117266416549683
12.358926403992003,2.383586408660242,54.75419671420879,1.4236259460449219,2.439012289047241,4.526825904846191,0.9599459767341614
13.09347364976125,4.015082609255235,122.06181342676425,1.409999966621399,1.7400000095367432,4.6042375564575195,-1.9276659488677979
15.210106508155668,3.9359065843107155,117.8698950224518,1.5975189208984375,2.108185291290283,4.311153411865234,2.855695962905884
-26.327247081361012,2.6190581230839474,76.14645606975641,1.409999966621399,1.7400000095367432,4.03000020980835,1.1847151517868042
15.210106508155668,3.9359065843107155,117.8698950224518,1.5975189208984375,2.108185291290283,4.311153411865234,2.855695962905884
-13.8025090273969,2.3046313324604073,59.3591857766529,1.409999966621399,1.9953299760818481,4.476683616638184,-1.9315075874328613
0.26080354036106884,2.2952627182622924,53.62166952205221,1.5067367553710938,1.7400000095367432,4.835709571838379,-1.9306426048278809
16.432960608765054,2.2644021858985433,47.417616602087705,1.7851829528808594,1.7400000095367432,4.03000020980835,-1.8443681001663208
-31.5320048437848,2.387950521262386,67.38545339336439,2.6529312133789062,2.3640785217285156,6.1631317138671875,-2.0432815551757812
-20.358661640451807,2.608423898701508,73.7075988817881,2.3208580017089844,2.002455234527588,5.075187683105469,1.176291584968567
-6.354498316401661,2.291084201102531,56.41346357795116,1.6671943664550781,1.7400000095367432,5.011202812194824,-1.9666296243667603
