-12.89083742032404,0.3164468352013341,137.79643144102195,1.5968608856201172,1.243499994277954,1.1231634616851807,-3.0853450298309326
-6.87588327265016,1.6207284987920132,34.46205683102667,1.9910106658935547,2.032271385192871,4.03000020980835,-3.1233127117156982
-11.492328156656294,0.2746605703842038,137.28214401701484,1.5674400329589844,0.9731677174568176,0.7970116138458252,-3.039025068283081
1.806427720060602,1.5757304971239239,16.245326138085257,1.5873031616210938,1.7400000095367432,4.03000020980835,0.029727397486567497
-6.87588327265016,1.6207284987920132,34.46205683102667,1.9910106658935547,2.032271385192871,4.03000020980835,-3.1233127117156982
0.5491789844064519,1.436416255613914,26.20024638868337,2.0087032318115234,2.321803569793701,4.93042516708374,0.017634598538279533
-13.343717887322482,0.5709715419195118,130.8289133929951,1.409999966621399,2.0037646293640137,4.9711103439331055,-1.85434889793396
-8.093459378085425,0.21651810630037382,135.00906768972922,1.7228527069091797,2.2878170013427734,4.199721813201904,0.5228574275970459
-5.347301016376551,1.0221857345939367,72.55547306510786,1.498464584350586,2.266824245452881,4.575424671173096,-3.119859218597412
6.897802515994534,0.9675822187555185,47.15002690985247,2.1242294311523438,1.0613561868667603,1.144225001335144,0.01502637192606926
