-0.7401244257985072,1.8568427944940373,34.409138233890545,1.9204425811767578,0.7589191198348999,0.9905310273170471,1.6228888034820557
0.2937759074582754,1.3665043873272265,56.73068917837036,1.5703926086425781,1.8299763202667236,4.03000020980835,0.03799492493271828
7.151905828661291,1.1844919770351716,47.88014757512715,1.8426189422607422,1.988896369934082,4.809556484222412,1.5832043886184692
-3.503139069464457,-0.4273165136371113,123.47366105201789,2.29270076751709,2.26016902923584,4.03000020980835,0.034762389957904816
-3.503139069464457,-0.4273165136371113,123.47366105201789,2.29270076751709,2.26016902923584,4.03000020980835,0.034762389957904816
-3.503139069464457,-0.4273165136371113,123.47366105201789,2.29270076751709,2.26016902923584,4.03000020980835,0.034762389957904816
-6.050746816684652,-0.2490555200327913,117.30189887091782,2.240004539489746,2.2408933639526367,4.03000020980835,0.04114963114261627
6.448572352636074,1.4930979686159178,40.262322968151814,1.4909276962280273,1.8779399394989014,4.03000020980835,-3.108379364013672
-2.9461925669302724,0.0085045513531683,106.02008273255277,1.626791000366211,2.8675289154052734,4.03000020980835,0.0531746968626976
-3.706036164684455,1.8473157981420285,7.468816101926757,3.853800058364868,3.263400077819824,10.170000076293945,3.0952208042144775
