16.800711520255682,1.517652373920457,108.11905570244964,4.147380828857422,2.440828800201416,6.810864448547363,-0.20898056030273438
-0.10875615509903194,1.7115834192557904,7.789932429472248,1.3268604278564453,0.8012329339981079,1.5885138511657715,1.1963846683502197
-0.003814391340729792,1.7111416391605485,7.688290926220073,1.6825027465820312,0.6435192823410034,1.0,1.16644287109375
5.0197622325317415,1.5783287476597905,121.88666559487791,1.8568038940429688,1.0278501510620117,0.8389947414398193,-0.20870333909988403
4.536359217125445,1.5960144178210474,48.771316549108725,1.895345687866211,1.243499994277954,0.9244288206100464,-0.12580332159996033
2.4063209601931144,1.6377995969066153,111.30937210315484,2.1345999240875244,1.243499994277954,1.4164999723434448,3.002734422683716
-5.580044347213818,1.7553465574883642,45.28868893036659,1.7154369354248047,0.6000000238418579,0.6609675884246826,-2.0434436798095703
30.151871098919926,1.5670279035852193,103.42057087989444,2.1345999240875244,1.17909574508667,0.7844722270965576,2.750657558441162
7.480507096681929,1.6925768096419422,51.031790845507196,1.5287857055664062,1.9583172798156738,4.03000020980835,-0.08887150138616562
22.9257721297339,1.5305486756896074,117.39611036551975,2.515700101852417,1.7400000095367432,4.03000020980835,-0.21433652937412262
40.92823307875175,1.5181499132562433,137.51975935208102,2.4396724700927734,2.541433334350586,7.020100116729736,-1.6932884454727173
-6.87324568720349,1.8400713071945989,78.43379144930941,1.5810394287109375,2.699294090270996,4.03000020980835,-1.7451542615890503
5.674447092172202,1.7403839048097929,14.558776879337376,1.6630020141601562,2.0894775390625,4.7075066566467285,-0.14327679574489594
14.887894595511995,1.6771078809863837,83.11643131138597,1.818807601928711,2.3411335945129395,4.03000020980835,-0.14335474371910095
11.763457189951852,1.6357003600659383,83.02060689973321,2.515700101852417,2.699863910675049,5.197100639343262,-0.1419842690229416
-2.0078970467418746,1.7568272160026113,14.811359334986047,1.5512447357177734,2.166998863220215,5.8814311027526855,2.9988646507263184
19.727909676853162,1.6478211037269304,93.64666702590603,1.8350505828857422,1.892323613166809,4.03000020980835,-0.16907846927642822
12.87156948965845,1.7818737515180019,46.009432594577454,1.409999966621399,1.7400000095367432,4.03000020980835,-0.13507512211799622
25.019318425153738,1.707331774128105,94.62148328376543,1.8188552856445312,2.0085296630859375,4.742213726043701,-0.12934646010398865
15.332805001497945,1.7942992896934253,64.30896009033266,1.4936656951904297,2.0004701614379883,4.03000020980835,-0.09548250585794449
16.990337456540345,1.7666786186758123,78.0331148909723,1.728200912475586,2.0399858951568604,4.03000020980835,-0.124060720205307
