4.996891274973224,1.7311480547694338,13.551527700173754,1.683828353881836,0.7649564743041992,0.6000000238418579,3.097910165786743
-7.668964448255871,2.8151821851227594,79.78286169743954,2.127915859222412,0.9278824329376221,1.303608775138855,-1.564461588859558
-20.2434340469496,2.9682030241250894,55.079112884101896,1.6811885833740234,0.802504301071167,0.6685311198234558,-0.04108540341258049
5.80973532168944,2.009538763534745,34.27143247071393,1.918323040008545,0.8344221115112305,0.6182771921157837,-0.09961177408695221
13.404564371526233,1.9491742941127663,58.37299886087756,2.084005832672119,1.7931227684020996,5.07032585144043,1.586188793182373
7.057517560259932,3.078055753594098,101.05972745289036,1.9048995971679688,2.119643449783325,4.467247009277344,1.1682380437850952
-2.961145394555984,3.1386137236905727,100.1056813009046,1.5513334274291992,2.2787539958953857,4.6324663162231445,-2.499500274658203
-9.947924560513417,3.2456482488040796,95.7196094907547,1.6915864944458008,2.333115816116333,4.881529808044434,-3.1138293743133545
-13.467006766102573,3.430705613323631,97.37461824326913,1.4144420623779297,2.124368667602539,5.00320291519165,-3.1327197551727295
-25.71715746550499,5.222383870147893,118.05325963943254,2.515700101852417,2.2686147689819336,4.2696638107299805,-1.5898690223693848
0.5070160193070945,2.58493438396423,58.32157481116143,1.5229434967041016,1.9883606433868408,4.498552322387695,-0.05353020876646042
-2.4522749010947824,2.8426611363877456,77.02552232006121,1.6080360412597656,1.8551573753356934,4.03000020980835,0.009710213169455528
-7.236508990693917,3.501738278807534,114.11041316933154,1.632619857788086,2.121040105819702,4.86868953704834,-3.1305301189422607
13.15699635825548,1.5982330313335287,38.520962116079446,1.5498943328857422,1.869946837425232,4.607263565063477,1.5871062278747559
-7.668964448255871,2.8151821851227594,79.78286169743954,2.127915859222412,0.9278824329376221,1.303608775138855,-1.564461588859558
