3.9494521313345343,1.6019036415561794,20.112583219291537,2.0856494903564453,2.0789003372192383,5.3138933181762695,0.02315053530037403
-8.948722670944631,1.5901240166639923,20.201766853736153,1.6095447540283203,0.7132678031921387,0.6000000238418579,-3.0964810848236084
-5.417131155491118,1.3743125871607536,44.018304829874594,1.5,0.6000000238418579,0.6000000238418579,-0.06267433613538742
-4.616500996932237,1.3233878567793504,46.031612200760755,1.629159927368164,0.6957252621650696,0.7928138971328735,3.1330819129943848
0.8177500106925754,1.754500317735443,10.75304633133786,1.6779308319091797,0.6000000238418579,0.6255021095275879,-1.5563225746154785
0.23044252139775673,1.3741630982248676,44.58573541075025,1.5,0.6000000238418579,0.6000000238418579,3.109292507171631
-18.15889539480576,1.5402852096752047,38.96013946839997,1.4510955810546875,1.7400000095367432,4.031185626983643,1.5680655241012573
4.144585052596073,1.6089863676348863,14.295097716423546,1.6980724334716797,1.7510597705841064,4.255764007568359,-0.014156708493828773
3.7411851709858843,1.575740184668989,27.11178617321914,2.3836898803710938,1.9329545497894287,4.676475524902344,0.047422535717487335
-1.8003513980852472,1.5173792885439776,38.88609810362554,1.7252731323242188,1.7400000095367432,4.03000020980835,1.5723713636398315
-4.980833779287098,1.6072912032189648,19.97101175447491,2.545309066772461,2.498258113861084,4.047975540161133,-1.522664189338684
