1.6061400046777679,1.568927946997223,28.219156022904777,3.0,2.940930128097534,9.5,-0.016561459749937057
8.236663769447436,1.265115359870801,31.038830840003833,1.844864845275879,1.0283246040344238,0.9896981716156006,-0.04740078002214432
5.603163612619274,1.4862574959546666,30.956247539678365,1.5994901657104492,0.913087010383606,0.6000000238418579,-2.7140095233917236
5.936487471752311,1.463970398578604,28.37237815187262,1.5750274658203125,0.6000000238418579,0.6000000238418579,-1.5514508485794067
4.517697659105093,1.5345449539253393,31.0371461115546,1.838059425354004,0.6789938807487488,0.6000000238418579,-0.6324871778488159
9.690189970231001,1.1242208474909314,39.901591653623356,1.8760309219360352,1.0585858821868896,1.0638607740402222,2.98895001411438
9.631860846494138,1.1398573434113302,60.78381810205606,1.6459226608276367,0.7708452343940735,0.6000000238418579,-0.00928917620331049
-7.823006636499407,2.068498788061369,26.802111006322416,1.8150882720947266,1.7850637435913086,4.315647602081299,-3.13472843170166
-19.657942630701385,1.7539067605193783,90.39120066732187,1.995004653930664,1.9206087589263916,4.03000020980835,0.7771257758140564
-8.017907409305323,2.1186937467662816,20.69431191322829,1.797560691833496,1.7400000095367432,4.03000020980835,3.1272146701812744
-7.589586560289336,2.0313625665254595,32.935877160278096,1.6693649291992188,1.7400000095367432,4.054050445556641,3.1369950771331787
-8.017907409305323,2.1186937467662816,20.69431191322829,1.797560691833496,1.7400000095367432,4.03000020980835,3.1272146701812744
-0.3058674235390996,1.6520551603084745,11.425531657921818,2.515700101852417,2.457620143890381,5.401559352874756,-0.03806997090578079
