4.833611012231289,1.930596283160212,62.01139935520724,1.9577484130859375,0.7628061771392822,0.6858612298965454,2.578308343887329
-7.489634368254376,2.0130877356889365,24.828155145035975,1.5712203979492188,1.9196157455444336,4.744999885559082,-3.0608716011047363
-11.644223771176826,2.2777131851705192,66.8601442553145,2.485563278198242,2.4255642890930176,5.420352935791016,-3.049844264984131
-10.90007430300741,2.231679885768072,59.52452791013664,1.9084949493408203,1.9812452793121338,4.942748069763184,-3.029195547103882
-10.003425205406165,2.1730680547820787,48.73978901740248,1.7924251556396484,2.1825876235961914,4.465592384338379,-3.048992156982422
1.002008174612592,2.2139658088298377,78.88284176942679,2.515700101852417,2.519894599914551,5.2054924964904785,0.06586615741252899
-26.145528154359198,2.1579050869115286,60.414150917003134,1.8153629302978516,1.9457714557647705,4.564908027648926,0.0870913490653038
-6.986744065340487,1.9669310454207465,17.218829945021596,1.488851547241211,2.0621941089630127,4.308407783508301,-3.0627315044403076
4.580857203065968,2.0380556174887428,78.37720431237874,1.8613052368164062,1.9269201755523682,5.020631790161133,0.09393975138664246
-9.144226082388661,2.1274952664827023,40.90581667192321,1.7785568237304688,1.8729186058044434,4.507594108581543,-3.047679901123047
-8.558407882977239,2.0837269731830883,32.75039787358843,1.5810070037841797,2.007061719894409,4.3833770751953125,-3.0662267208099365
-6.192547464873696,2.1869057674811265,57.99573768163755,3.9743213653564453,3.2655029296875,9.873104095458984,0.03611725568771362
