-6.431848785443144,1.7628144771728729,14.994166914211686,1.0009632110595703,0.5989030003547668,1.6027649641036987,-1.5556375980377197
-6.431848785443144,1.7628144771728729,14.994166914211686,1.0009632110595703,0.5989030003547668,1.6027649641036987,-1.5556375980377197
-6.443073251578971,1.7555841397430036,15.69734694682083,1.1077995300292969,0.5633942484855652,1.6564122438430786,-1.5545437335968018
-6.42409494126427,1.697262651069734,23.336212592854384,1.12554931640625,0.7426072359085083,1.5346794128417969,-1.6832813024520874
-6.448583214814353,1.5279006731809375,33.078860969074064,1.7606182098388672,0.7346811294555664,0.9884563684463501,-2.5051679611206055
-4.4198525260392865,1.018563527993824,58.28770065821235,1.7354450225830078,0.9922272562980652,1.1946332454681396,-1.7596334218978882
0.9178330177792362,1.4681375655388735,32.953378153862786,1.8743724822998047,0.6532906889915466,0.7988870143890381,1.4349075555801392
-20.976128210279594,1.1848417501569681,54.056482622013704,1.6854629516601562,1.1344480514526367,0.944707989692688,2.252636194229126
2.067257688712721,1.6906603561703735,11.984806291263794,1.7692203521728516,2.0519723892211914,4.248124122619629,0.0012212999863550067
3.198601675727281,1.7744562699155497,3.8414837848192525,1.5681934356689453,1.7803871631622314,4.669375419616699,-0.00744989886879921
0.7596834726777556,1.6685564655484448,18.188348076553616,1.5590286254882812,2.098116159439087,4.03000020980835,0.005051452666521072
-0.014751580433879474,1.60973910099034,24.686777197867524,1.5251941680908203,1.7400000095367432,4.03000020980835,0.006803413853049278
-21.5291765997245,1.1260877224210306,50.07918684319968,3.462543487548828,2.498258113861084,3.4145898818969727,1.397876501083374
