-10.316900230247668,2.718003498216402,36.456953583242445,1.393087387084961,0.5761788487434387,1.8326574563980103,1.540578842163086
-8.17428332793493,3.321523561837446,77.67793667989066,1.6972427368164062,0.7772117257118225,0.6520804166793823,-0.016729261726140976
-6.913881108020282,3.340257946132101,77.55560912841955,2.1345999240875244,0.9862437844276428,0.8362709283828735,-0.030566297471523285
-7.401597311437208,3.775417100956558,111.63611027639574,1.6639728546142578,0.6000000238418579,0.6000000238418579,-3.116206645965576
-9.724760235520478,2.8695180203557697,48.52484921427695,1.826486587524414,0.9383186101913452,0.7843489646911621,-1.583504319190979
-9.264904525527719,2.770857704667086,40.98375234841916,1.8208274841308594,0.6000000238418579,0.6000000238418579,-3.1412458419799805
5.127166092105152,1.9664341878046692,15.927458854617132,1.7118644714355469,0.6000000238418579,0.696307897567749,2.846405506134033
-6.783995736701898,3.547715119275031,95.78889298886263,1.6893329620361328,0.660050630569458,0.6000000238418579,-3.141376495361328
-7.555492985780996,3.561625784864769,95.80341757520594,2.0466537475585938,0.6564051508903503,0.6000000238418579,3.1238157749176025
1.47040425205276,4.047568651717411,147.1596440915082,1.6465606689453125,2.29949951171875,4.03000020980835,3.1234776973724365
1.8861639495199243,2.5578285156217064,48.15556768428717,1.840261459350586,2.1158928871154785,4.03000020980835,-0.036179542541503906
-3.233793093017476,2.845152311249572,59.65031230386603,1.409999966621399,1.9339115619659424,4.875300884246826,3.051562547683716
-1.0417601026278203,2.8463760183319615,66.0205461606631,2.0652828216552734,2.7692675590515137,7.020100116729736,-3.0341978073120117
-7.518471591753771,2.686523447365858,34.01262624069954,1.4554309844970703,1.781954050064087,4.181018829345703,3.1108367443084717
6.366210320746394,2.972597358650794,72.16514475751084,1.7068614959716797,1.7400000095367432,4.438553333282471,-0.03020497038960457
-6.715965444179622,2.7319203910480216,40.00223480814256,1.5122032165527344,1.7646074295043945,4.3731184005737305,3.107125997543335
4.6323889004293815,2.5358847054720757,44.154410444569116,1.7452220916748047,1.9038820266723633,5.2075419425964355,-0.04157186299562454
-6.055743212771061,3.1256853975559333,62.00240735726837,1.409999966621399,1.7400000095367432,4.03000020980835,3.1069576740264893
-6.183234120029157,2.999758271777116,56.16112383161101,1.4582557678222656,1.7551220655441284,4.921408176422119,-3.1070656776428223
6.318032793140103,3.0603270443828343,77.574682771515,1.5163116455078125,1.7400000095367432,4.03000020980835,-0.04017221927642822
-6.526215325472796,2.8646379269948614,48.33493611819456,1.5897750854492188,1.7400000095367432,4.144637107849121,3.098322868347168
