5.431013886286436,1.2144195840526297,41.92327062198136,1.716012954711914,0.6979780197143555,0.7859485149383545,-1.6312910318374634
5.171289867483871,1.425051475944287,68.09971259187922,1.409999966621399,1.8666149377822876,4.696218490600586,1.5711820125579834
-3.184649264803384,1.5779393201585488,42.05396494798573,1.4921436309814453,1.9786150455474854,4.459115028381348,0.024491136893630028
-11.178001210278556,1.7522216808733881,53.04844138813148,1.4202098846435547,1.847766399383545,4.950775623321533,-3.136084794998169
15.525302797051632,1.2684026074397998,61.75987089833469,1.6407489776611328,1.950063943862915,4.233806610107422,-1.5989536046981812
-12.381124874573194,1.7908115034507945,83.26385606691603,1.451559066772461,1.921402931213379,4.881589889526367,-3.1104695796966553
-10.019282587445174,1.7133412924301559,97.89567108988057,1.4905872344970703,1.9995355606079102,4.734789848327637,-3.130621910095215
-9.854070616795765,1.6797476162552547,74.35987220677244,1.8941307067871094,2.3424315452575684,5.506804466247559,-3.1110899448394775
5.171289867483871,1.425051475944287,68.09971259187922,1.409999966621399,1.8666149377822876,4.696218490600586,1.5711820125579834
-9.951978527903174,1.7497709191767699,36.93888786716234,1.467733383178711,1.8370463848114014,4.857918739318848,-3.136084794998169
