4.067995560205205,2.0358575835128994,60.06985357283297,1.9204425811767578,0.7589191198348999,0.9905310273170471,1.5896865129470825
2.4817614045017464,1.526069451782484,88.24576456585915,1.5641050338745117,1.7400000095367432,4.03000020980835,0.04451290890574455
2.565878932779057,1.645299393169282,82.54576542924849,1.5703926086425781,1.8299763202667236,4.03000020980835,0.004810762591660023
1.405775309738646,-0.08394480969575291,149.32841106545197,2.29270076751709,2.26016902923584,4.03000020980835,0.0015782264526933432
2.964685525249752,1.7763394806529829,7.244482041861211,1.8944339752197266,2.0466480255126953,4.79189395904541,0.02088143490254879
1.405775309738646,-0.08394480969575291,149.32841106545197,2.29270076751709,2.26016902923584,4.03000020980835,0.0015782264526933432
1.405775309738646,-0.08394480969575291,149.32841106545197,2.29270076751709,2.26016902923584,4.03000020980835,0.0015782264526933432
-0.48536013376483106,2.0302035091546804,66.36865314453517,2.240004539489746,2.2408933639526367,4.03000020980835,0.007965469732880592
8.103266952185523,1.7809606331866696,66.05958778939015,1.4909276962280273,1.8779399394989014,4.03000020980835,-3.1415557861328125
1.3587029335013663,0.3306338095555281,131.8847719029291,1.626791000366211,2.8675289154052734,4.03000020980835,0.01999053731560707
-5.217311666433096,2.3144580257445186,53.85757753286777,3.264129638671875,3.175346851348877,9.5,-2.181244134902954
-12.934668766792328,2.7177749281887618,56.87963161575264,3.853800058364868,3.263400077819824,10.170000076293945,-1.8719115257263184
