-23.306515754168576,4.794576267530303,148.64805434944316,3.6171836853027344,2.856926918029785,10.356833457946777,-3.1116647720336914
-22.39635022023881,4.071184301701933,104.63982797891084,3.568277359008789,2.8409242630004883,10.009654998779297,-3.138637065887451
-22.16065298690782,3.6059465139488616,75.82401221362801,3.3542346954345703,2.7423856258392334,9.5,3.139740467071533
7.086165472795973,3.0933707613448007,78.1349660915211,1.8688697814941406,1.8048217296600342,4.539100170135498,-0.011661509051918983
-22.522734140048776,2.3108858918324677,-0.5083767839151987,1.5447673797607422,1.7400000095367432,4.03000020980835,-3.129049062728882
-17.153063654435943,3.960817326877361,116.60341589601943,1.4864788055419922,1.9736766815185547,4.722784996032715,-3.115053653717041
6.707310537234272,2.447790914413897,39.89048105677161,1.7129058837890625,1.7400000095367432,4.284266948699951,0.025769270956516266
6.924517125274696,2.961817391666542,70.76282400235307,1.4465370178222656,1.94199800491333,4.827242851257324,-0.009333412162959576
-22.821887321690173,4.3966632340046345,123.28566468857862,1.7422447204589844,1.7400000095367432,4.03000020980835,-3.105409622192383
7.129943027853647,3.2457162727637607,86.8771206114897,1.7629938125610352,1.7571746110916138,4.237377643585205,0.0070127942599356174
-12.159528601290686,2.4171476657794972,29.56593037530758,1.9479742050170898,2.3535070419311523,6.190943717956543,-3.1216986179351807
-12.440231013818233,3.449167645004332,94.17971023761102,1.5798072814941406,2.180987596511841,5.43792200088501,-3.1252105236053467
6.621810658011549,4.195363372910363,145.63463843977308,1.7063140869140625,1.8722258806228638,4.570878982543945,0.05932178720831871
6.621810658011549,4.195363372910363,145.63463843977308,1.7063140869140625,1.8722258806228638,4.570878982543945,0.05932178720831871
6.900741860283752,2.3627396259539255,33.86781991096126,1.4768695831298828,1.8397425413131714,4.693224906921387,-0.004225915297865868
-3.677684478237247,3.5071629129607595,109.71020803761532,1.409999966621399,2.2575204372406006,4.03000020980835,0.045341260731220245
-22.972466051234726,4.506859445784606,130.93163580804796,1.8241806030273438,1.853938102722168,5.470373630523682,-3.1218056678771973
6.883232367217782,2.112723658463313,23.15772938928235,1.409999966621399,1.7400000095367432,4.03000020980835,-0.010293735191226006
-22.522734140048776,2.3108858918324677,-0.5083767839151987,1.5447673797607422,1.7400000095367432,4.03000020980835,-3.129049062728882
6.877554796596743,3.873291409587522,125.24705716575856,1.4354362487792969,2.006337881088257,4.632794380187988,0.01426625531166792
-4.999927428600153,3.8873585620582904,132.3876396520794,1.4493064880371094,2.4572317600250244,4.695539474487305,0.2474699765443802
6.806598943562491,2.5635231173211315,46.171919072898035,1.5244464874267578,1.7400000095367432,4.564397811889648,-0.007684711832553148
6.856246181044707,2.026636748273921,17.507207023993086,1.7275562286376953,2.045897960662842,5.664783477783203,-0.0101677430793643
6.621810658011549,4.195363372910363,145.63463843977308,1.7063140869140625,1.8722258806228638,4.570878982543945,0.05932178720831871
-22.235190021252997,3.7452313060902185,84.9670167443508,1.9578752517700195,1.9762094020843506,5.639464378356934,-3.128647804260254
14.238436547080928,3.738300411725479,111.13995003315361,1.7233924865722656,1.9894390106201172,4.580266952514648,1.6240431070327759
-21.850245728415185,3.3512694049855263,64.90853647731775,1.770425796508789,1.774153232574463,4.265470504760742,3.1313316822052
-12.020117395202897,2.8160102088507983,55.60974113404376,1.4694652557373047,1.9539809226989746,5.18600606918335,3.1331124305725098
