4.034203777923968,1.8252452624740005,15.559506704757752,1.2841548919677734,0.7628335952758789,1.8083832263946533,1.5400084257125854
-7.588278759821203,2.0353063644366065,36.202634099758626,1.3427295684814453,0.5361247658729553,1.9432735443115234,-1.5477521419525146
2.816629191976114,1.7464541657231731,35.80530271715694,2.0428924560546875,1.243499994277954,0.8855738639831543,-3.1260786056518555
10.828163401229386,1.656498082866766,25.533489903428748,1.6039047241210938,0.8027586340904236,0.6000000238418579,0.032943591475486755
6.5503737555272386,1.6609316176791866,38.57190306471206,1.9348392486572266,0.7629928588867188,0.6000000238418579,-3.1270508766174316
-10.204800344980452,1.9803921754859144,42.03214269201456,1.7052955627441406,0.6231615543365479,0.6000000238418579,-2.956404447555542
5.304534173405002,1.7017162542071012,37.26181688136204,1.8513221740722656,0.8672013878822327,0.6000000238418579,3.1411490440368652
9.988682611527421,1.6502556824495942,25.36039029091766,1.6102638244628906,0.7717190384864807,0.6000000238418579,-0.7258887887001038
-6.890468670344669,1.9193407400171778,47.76027139459958,1.7879409790039062,1.7400000095367432,4.5016560554504395,-3.11611008644104
-7.209188239848915,1.9074768905681214,54.73370026100085,1.7567386627197266,1.7968504428863525,4.03000020980835,-3.12833309173584
-3.6127257833078703,1.598073699296632,73.02419034081765,1.9163932800292969,2.3596200942993164,4.245027542114258,3.1297125816345215
3.5899608345878744,1.8191443021849794,19.951280665131303,1.6293582916259766,1.7447514533996582,4.03000020980835,0.07801172137260437
3.408387740709698,1.5379537197323194,129.21765331564816,1.409999966621399,1.7400000095367432,4.818833351135254,1.0528355836868286
3.522914072795441,1.8315805500718587,8.737213648302392,1.4420204162597656,1.7400000095367432,4.55808162689209,-0.0026720843743532896
-0.043134905519804985,1.5499453121683622,74.03916987933677,1.409999966621399,2.312992572784424,4.03000020980835,-0.01001372653990984
-6.850164782336486,1.9758385368105884,40.9333848622364,1.7682418823242188,1.9063951969146729,4.173783302307129,-3.11401104927063
-3.4263993011100067,1.5026384214854722,116.26339328308477,1.8171348571777344,2.0389888286590576,4.03000020980835,3.1248321533203125
-6.895804926040347,1.8572616527290702,60.753104910616436,1.8257770538330078,1.7400000095367432,4.701458930969238,-3.125459909439087
-7.546686522205837,1.804970595284007,116.79117126733401,1.4593181610107422,2.1412463188171387,4.03000020980835,-3.117466449737549
-6.938453650011185,2.011223300093797,17.867665498831897,3.109628677368164,3.098344564437866,9.5,-3.1103603839874268
