-5.955956169602159,1.8991579206984872,42.619971466205335,1.6990890502929688,0.8673864006996155,1.0324000120162964,-3.1393048763275146
3.4849502280889175,1.9603286487596303,99.57242137314444,3.0010528564453125,3.073103427886963,9.5,0.020753288641572
9.747016840564438,1.4295097545816027,43.87705388171141,1.7425918579101562,0.6000000238418579,0.6000000238418579,-0.11267298460006714
10.524415406697404,1.600400074501396,77.4030319549884,1.5,0.6862730979919434,0.8029066324234009,1.56264066696167
7.299530481217333,1.5795862298206396,39.721484646915656,1.7826080322265625,0.7684249877929688,0.6000000238418579,2.428086042404175
9.002760105398345,1.461920501604161,43.7576104635846,1.7034378051757812,0.7283373475074768,0.6000000238418579,-0.11950740218162537
-11.356967821715982,2.204832130520524,31.07729067728971,1.8363800048828125,0.7390048503875732,0.6000000238418579,0.06009231135249138
4.5027523693669,1.7549269834478294,50.91874657802965,1.4663314819335938,1.9703834056854248,4.03000020980835,0.02082453854382038
-0.03740834266223029,1.7141545111015277,11.91729754201551,1.71661376953125,1.9308269023895264,4.03000020980835,0.023049959912896156
-7.733259878310448,1.946460113585983,41.484060603253184,1.409999966621399,1.9609814882278442,4.14979887008667,-3.1212265491485596
-2.7090477861042874,1.817764538806132,47.86585478251546,2.515700101852417,2.124589443206787,5.641200065612793,-3.123723268508911
-7.743862186229359,2.04259278645307,57.3156126655314,1.457672119140625,1.7400000095367432,4.097374439239502,-3.135540246963501
