-27.454232178198147,2.7155097296036166,67.65468049037166,2.0030953884124756,1.7400000095367432,4.03000020980835,0.8593782186508179
-6.499724091142016,2.1012085532425986,32.574591690304494,3.6350784301757812,3.6936264038085938,11.126887321472168,3.110417127609253
-5.668569210543822,3.4939679307409977,72.52438297228485,1.6873500347137451,2.3730993270874023,4.03000020980835,-3.141258716583252
-34.46637589946405,2.0611017563583935,-0.6832792712797539,1.6729894876480103,1.8571525812149048,4.03000020980835,-1.345017671585083
2.072694795433062,2.9967240279831406,60.4879395343167,2.515700101852417,3.0,6.488940238952637,0.15516699850559235
-34.46637589946405,2.0611017563583935,-0.6832792712797539,1.6729894876480103,1.8571525812149048,4.03000020980835,-1.345017671585083
-6.1167849692771865,2.0504507935619634,21.09022125002922,1.7845935821533203,1.9624311923980713,4.393002510070801,-3.134052038192749
-5.927389967685927,2.6604689636939565,50.893557001407416,1.6824986934661865,1.7400000095367432,4.311501502990723,3.0714404582977295
-5.7548133206147964,1.986330529196322,13.54365893210013,1.5103683471679688,1.9359725713729858,4.171019554138184,3.1212236881256104
-34.46637589946405,2.0611017563583935,-0.6832792712797539,1.6729894876480103,1.8571525812149048,4.03000020980835,-1.345017671585083
