10.151372502499974,2.03939854756303,67.38743468490112,1.6318435668945312,0.83573979139328,0.6068306565284729,-0.00971539318561554
-7.898848211059958,2.3838491143326284,45.42282481667318,1.5072250366210938,1.7400000095367432,4.141329765319824,-3.129446506500244
-6.215668239594628,2.7525748497507854,102.77573582742644,1.744781494140625,2.227160692214966,5.416294097900391,-3.1229491233825684
-8.939642711558097,2.5795666012536635,88.14337465306141,2.0080833435058594,2.224989652633667,5.084885597229004,0.6384011507034302
0.0845845618724907,1.8655060133030001,15.851058256317472,1.6825675964355469,1.9057011604309082,4.03000020980835,0.01794809103012085
-7.7268408847980155,2.3403657657583117,40.285945716402836,1.4920654296875,1.7400000095367432,4.0601348876953125,-3.124253273010254
-7.690223114657775,2.121838627238861,18.391101746064127,1.6586074829101562,1.7400000095367432,4.515942096710205,-3.114997148513794
-7.6449881892851685,2.2994205277728232,33.55504623276816,1.4687614440917969,1.9097827672958374,4.809771537780762,-3.1385648250579834
-19.265928587880953,2.5085382483801038,96.13855501546463,1.6545677185058594,1.7711080312728882,4.201146602630615,-2.1494204998016357
4.498819185895167,1.8803871407780444,17.692679355506034,3.0740432739257812,2.5,9.5,-0.014428755268454552
