0.3582171696990383,2.375833351976534,101.01996317793319,1.9889945983886719,0.7299125790596008,1.0522462129592896,1.6300616264343262
14.046072811089054,2.0696544115891147,71.58560596070735,1.7192192077636719,1.8319225311279297,5.04390811920166,2.05522084236145
9.255140075710914,2.2175210550449123,100.9638909331233,1.5617427825927734,1.7400000095367432,4.03000020980835,1.6579564809799194
12.028359192586356,1.7003001508887632,25.553151121457514,1.409999966621399,1.7400000095367432,4.03000020980835,-3.079033136367798
19.44553041040743,1.864207662067063,88.58735759055507,1.849517822265625,2.4564881324768066,4.899936676025391,2.486825704574585
-8.368516881272257,2.449121954651533,120.05291156476015,1.7158775329589844,2.1059136390686035,4.03000020980835,0.08517470955848694
14.046072811089054,2.0696544115891147,71.58560596070735,1.7192192077636719,1.8319225311279297,5.04390811920166,2.05522084236145
-4.314660598959656,2.4730098604041526,123.04254978625103,1.9835376739501953,2.3878860473632812,4.03000020980835,0.08034534752368927
8.103409172064431,2.103119629233702,67.7824221232225,1.7761459350585938,1.7400000095367432,4.449722766876221,2.068194627761841
12.594712502334588,1.6920921104906537,25.997635621180603,1.6593914031982422,1.9548728466033936,4.922270774841309,-1.5340652465820312
-8.368516881272257,2.449121954651533,120.05291156476015,1.7158775329589844,2.1059136390686035,4.03000020980835,0.08517470955848694
-36.27229833276163,2.6775656479436094,112.69292497982099,1.409999966621399,1.7400000095367432,4.03000020980835,1.5948115587234497
12.028359192586356,1.7003001508887632,25.553151121457514,1.409999966621399,1.7400000095367432,4.03000020980835,-3.079033136367798
