-4.440071890476806,1.6844388247153668,58.223912718694045,2.921419143676758,1.7400000095367432,4.747949600219727,0.017823288217186928
-4.560754791468653,1.8272270068707135,46.49506875504982,3.1768627166748047,2.4473772048950195,5.806142330169678,0.015412540175020695
-5.501922691713884,1.7944022899148253,42.73117502862352,2.1345999240875244,1.1612458229064941,0.9937081336975098,1.3946131467819214
-6.676879605202594,1.7091111935513656,32.929994304820845,1.7484321594238281,0.6000000238418579,0.8874295949935913,0.8960594534873962
-5.857061481357214,1.7245856914457933,34.32710602751985,1.8758983612060547,0.7161601185798645,0.7406564354896545,0.8986552357673645
7.374379273690028,1.53780797266156,41.04683736976046,2.1345999240875244,0.8204230666160583,0.6000000238418579,0.021881021559238434
6.362166862368246,1.1660156965301622,75.62202754554492,1.8598442077636719,1.0246961116790771,1.0927321910858154,2.958865165710449
-4.990997027925172,1.780369754116104,32.74046640465949,1.7727012634277344,0.7880610227584839,0.6572111248970032,0.9399840831756592
-0.6868988180520401,1.2937935418134119,107.31619410114739,1.409999966621399,1.7400000095367432,4.03000020980835,-2.0698766708374023
3.102143063195843,1.7674081538167847,36.79406164181152,1.4827327728271484,1.7400000095367432,4.03000020980835,0.06007245555520058
-2.2028203695109907,1.30133097138401,104.0181113594597,1.9159126281738281,1.7400000095367432,4.03000020980835,1.0669074058532715
2.4043536821122973,1.7544840676833502,45.12444558253352,2.205364227294922,2.8942885398864746,4.809335708618164,-0.06656365841627121
