7.084886637265618,1.638950502248229,53.908809379837514,1.4233722686767578,0.5486682653427124,1.5,-0.023098049685359
8.273089026135224,1.6043320172869917,46.3766484487261,1.8204402923583984,0.6000000238418579,0.6088701486587524,0.3382815718650818
9.107539336686404,1.5802812692496753,46.296688999704244,1.686513900756836,0.601789116859436,0.62213134765625,0.29781612753868103
2.931234369572075,1.6769677609812836,111.82073110139632,1.5921783447265625,1.9111589193344116,4.03000020980835,-0.035286057740449905
-2.238438709612225,1.7789132677536457,74.98983780829657,1.409999966621399,1.7400000095367432,4.03000020980835,3.1298818588256836
1.1256188381986012,1.693727723028802,89.82045806984021,1.539560317993164,1.7934064865112305,4.03000020980835,-0.0190077256411314
12.053387177178035,1.482202423596708,113.17909201719692,1.8334617614746094,1.7400000095367432,4.03000020980835,1.5825419425964355
6.600309074423478,1.7645323044776178,89.55573533368494,1.999990463256836,1.7400000095367432,4.792539119720459,-1.5751136541366577
-1.9540559293446438,1.7614101126976225,106.34000421469818,1.7387428283691406,1.9307279586791992,4.03000020980835,3.1130502223968506
5.197326939104003,1.7223386820605224,49.3570942116214,1.5568981170654297,1.9829223155975342,4.03000020980835,-0.018504632636904716
2.1377900614832135,1.6686409349133635,47.10811874173402,1.409999966621399,1.7400000095367432,4.288273811340332,0.29192793369293213
-5.382116363587778,1.9581659191399456,92.49499699865024,1.9047298431396484,2.366426944732666,4.03000020980835,-3.1291961669921875
-2.822611478702091,1.7924060001506559,44.715973208637436,1.4512176513671875,2.2994675636291504,4.184299468994141,3.129993438720703
-5.34775545685386,1.89074341766336,21.042109009901928,1.459615707397461,2.147925615310669,4.060004711151123,3.094719171524048
10.973527002012748,1.6138730447969354,42.93005108333968,1.2230548858642578,0.47909998893737793,1.1693532466888428,-2.086160182952881
10.353756246356383,1.632262791836852,42.97177744077819,1.2156000137329102,0.47909998893737793,1.0786999464035034,-2.0801124572753906
