-6.497623892671812,1.440332546156816,37.20112519234271,1.5374269485473633,0.9439449906349182,2.5032999515533447,-1.3499038219451904
-10.16666796687487,1.5649824515602562,36.99197136990947,1.259542465209961,0.7088969349861145,2.235064744949341,-1.3495384454727173
7.928860926589775,1.1774719650415153,30.46445440970902,1.2416448593139648,0.8226420283317566,2.5032999515533447,-2.982544422149658
6.488786986006081,1.1208051252709823,33.843059832964414,1.093027114868164,0.8769998550415039,2.116764545440674,-2.708115577697754
6.488786986006081,1.1208051252709823,33.843059832964414,1.093027114868164,0.8769998550415039,2.116764545440674,-2.708115577697754
3.49254669361795,1.0484000580353152,37.62433867011988,1.0492525100708008,0.852366030216217,2.128377676010132,-1.8222719430923462
-3.1182309751246473,1.3485627636192485,38.122613662517914,1.3608131408691406,0.7977162599563599,2.33638858795166,-1.492759108543396
7.836232082947832,1.1715712724420362,31.05657654771548,1.7667627334594727,1.0332368612289429,1.7335779666900635,-2.9987270832061768
3.7474586372611123,1.042893304881569,37.5525289893553,1.5,0.8056565523147583,1.0324000120162964,-1.8511968851089478
6.594267808456538,1.131237084969683,33.3850725515288,1.5,0.9131262302398682,1.0874173641204834,-2.7129666805267334
6.488786986006081,1.1208051252709823,33.843059832964414,1.093027114868164,0.8769998550415039,2.116764545440674,-2.708115577697754
-6.619518735438688,1.4462213623971771,37.05926725567092,1.7566852569580078,0.8289855718612671,1.4149526357650757,-1.3172944784164429
-3.0306324618321785,1.3483068764124129,37.833104344693865,1.5521297454833984,0.7753497362136841,1.0740547180175781,-1.502383828163147
-9.972962162487983,1.560441873716313,36.896920576478855,1.5,0.6983226537704468,1.4226435422897339,-1.3506112098693848
0.2886604364852797,1.208587877754128,38.0228021432704,1.5,0.7587288022041321,1.46087646484375,-1.569381833076477
4.672812910186217,0.7188103555309657,66.96146508503531,1.665867805480957,0.8358720541000366,0.694133996963501,-2.9692397117614746
3.2888943376244124,0.7311127580622018,66.76143088573913,1.7591705322265625,0.9455337524414062,0.6902055740356445,-2.9625895023345947
-12.640269874947801,1.4856511074100611,49.80847804304107,1.6234397888183594,1.963584065437317,5.506462097167969,-1.0345113277435303
