0.9193351625433692,1.9793623178367084,41.66975366887697,3.366079330444336,2.9699926376342773,9.5,-0.017557086423039436
2.926558393250229,1.8777529467320735,43.3162484152765,2.1345999240875244,0.6397216320037842,0.9536463022232056,1.5531779527664185
39.804165343879994,1.1316105325295815,99.10517972534396,1.43975830078125,1.7400000095367432,4.79132080078125,-1.824617862701416
5.233062799508732,1.6169518198559634,14.928221672657525,1.4562568664550781,1.8242580890655518,4.307342529296875,-0.9605400562286377
-12.567308517011872,2.3100267682631808,39.02298724531888,1.4504756927490234,1.989450216293335,4.987697124481201,-3.1359500885009766
44.891170446456776,1.0361581917991423,107.76443458290946,2.3902969360351562,1.9635804891586304,4.03000020980835,1.3351612091064453
-9.613286845488132,3.0431491080177704,122.08202364434679,1.409999966621399,2.36604380607605,5.090974807739258,-3.136686086654663
-9.129254994251387,2.095490522072164,33.77386929686299,1.8619461059570312,1.9895977973937988,4.992518424987793,3.1263039112091064
20.06876625714263,2.037377366685911,110.35524248165547,2.4191837310791016,1.7727093696594238,4.878262519836426,1.3602497577667236
38.26264308237324,1.301531007310146,109.0083772062269,1.6889972686767578,2.129699945449829,4.662720680236816,1.328688621520996
-3.3703168536556394,1.8014151970036043,16.138684373879258,1.5945930480957031,1.7400000095367432,4.03000020980835,-0.002240061992779374
