8.58551162129438,2.0249619485008736,38.08826991789518,1.8699150085449219,0.8710850477218628,0.6000000238418579,-0.0296262688934803
-2.0704133015105803,2.210591254709853,45.64603090536966,1.6347293853759766,1.7400000095367432,4.03000020980835,-0.03181926906108856
-2.406053247955661,2.204773152169304,40.03437179724164,1.984090805053711,1.7400000095367432,4.335933208465576,-0.045450665056705475
-3.0805225030061933,1.9967624293760997,19.982749122144966,1.9979686737060547,1.8780570030212402,5.4934492111206055,-0.02493085339665413
3.573887489651825,1.929223400490782,10.348355088874152,1.4977588653564453,1.818655014038086,4.601457595825195,-0.022033322602510452
-2.9774002924050644,1.9198740702491095,12.823217110653287,1.8810234069824219,1.8383679389953613,4.65390682220459,-0.03510662913322449
-2.9774002924050644,1.9198740702491095,12.823217110653287,1.8810234069824219,1.8383679389953613,4.65390682220459,-0.03510662913322449
4.761258210682737,2.234566281636673,49.990512771987746,1.9864883422851562,2.139087677001953,4.03000020980835,-0.01911601796746254
0.08332516494854669,2.810575894268584,133.72183482935412,1.9218940734863281,2.1269917488098145,4.134462356567383,-0.03047727420926094
-2.747437781668159,2.165303627001775,33.7731942996037,1.6172409057617188,1.7400000095367432,4.03000020980835,-0.03549380972981453
3.99808691865334,2.1155239582674934,27.400669397781154,1.8366260528564453,1.9322974681854248,4.03000020980835,-0.0665498748421669
