6.384527364518644,1.5514071054791096,24.28058831834164,1.707728385925293,0.678688645362854,0.8354992866516113,0.035505060106515884
-10.759181639152871,0.6683914947280218,121.4201955292706,1.8061285018920898,1.0324976444244385,0.6537134647369385,-0.0031044255010783672
6.350097145479035,1.5913434328835716,35.21208438271823,1.7090816497802734,0.7557001113891602,0.6961448788642883,1.0109825134277344
-6.19463225428525,1.776429229220664,46.34265552393492,1.8767614364624023,1.8428189754486084,4.03000020980835,0.008345825597643852
-2.9347895350190853,1.7711314196826686,9.540302592897921,1.9200239181518555,1.9350370168685913,4.871617794036865,0.04280159994959831
-0.05151592856531845,1.6971127842475178,14.066159897905004,1.8154144287109375,1.9413254261016846,4.03000020980835,0.007557298056781292
-5.905085824533047,1.7683306950059157,34.75160297224656,1.5285415649414062,1.7400000095367432,4.03000020980835,0.03857266902923584
8.211905143253814,1.4787789219460263,43.265372788368595,2.1881227493286133,1.7400000095367432,5.73063325881958,-3.102440595626831
-6.255691773994546,1.727935487994056,53.32814373932016,1.7486705780029297,1.7400000095367432,4.03000020980835,0.025777190923690796
-5.894305963622186,1.7945454293374556,40.099815463262026,1.531942367553711,1.7400000095367432,4.03000020980835,0.04666376858949661
-6.365975038960837,1.628902511206426,64.58064987848559,1.455587387084961,1.7400000095367432,4.03000020980835,0.013041503727436066
