-7.03824013068427,1.7818475257757607,55.367492223179084,3.084758758544922,2.693201780319214,6.779237747192383,-3.120481491088867
-12.992010018676833,1.832480753357156,79.64093005682237,1.8350982666015625,0.8014729619026184,0.8691444396972656,-1.6576663255691528
2.9659079029555127,1.5052151590293188,58.13300985755524,2.021270751953125,0.9038716554641724,0.6334962844848633,0.006341904867440462
-6.271340238672513,1.7635742116738866,28.735752268071785,1.6439170837402344,1.943274974822998,4.705601692199707,-3.1390509605407715
-0.14467019689727537,1.6928540193539738,46.40688225419097,2.276500701904297,1.9683423042297363,4.10856819152832,0.024631284177303314
-11.1307489226534,1.6424730942975112,145.69848088481888,1.5711441040039062,1.982863426208496,4.03000020980835,-3.1162021160125732
2.9659079029555127,1.5052151590293188,58.13300985755524,2.021270751953125,0.9038716554641724,0.6334962844848633,0.006341904867440462
-11.95661893670069,1.9061988207312108,30.662926851280844,1.8779296875,2.182244300842285,6.216720104217529,2.6537179946899414
-18.224551302650116,1.9608547347392584,69.36603502655528,1.5724868774414062,1.8990793228149414,4.03000020980835,-1.566409945487976
1.2804643316178155,1.5711389163077618,74.12587807888515,1.8244857788085938,2.140476703643799,4.762048721313477,-2.3442978858947754
-3.839559482791298,1.6823827921175583,64.37624551636523,1.6572189331054688,1.9668892621994019,4.03000020980835,0.02320101298391819
