-7.419617181568258,-0.050502207506955,115.98455297528818,3.948017120361328,3.184420585632324,4.033266544342041,3.1169681549072266
-11.106964508054505,-0.1550333120737546,123.3038965512819,4.147789001464844,3.357692241668701,5.514273166656494,3.129816770553589
-10.714588481277488,0.44685705417052324,104.58020500410238,3.2751426696777344,2.8241686820983887,4.03000020980835,-3.1137564182281494
-10.65058699379029,0.723500176894555,95.15449752462878,2.872814178466797,2.579263210296631,5.057313919067383,-3.1114275455474854
5.714673250660241,0.5272443053477862,100.2255075228146,2.0990371704101562,1.1285688877105713,0.8890295624732971,-0.357634037733078
8.89296695310203,0.5262251443627314,99.26501946221781,1.7473640441894531,1.0926774740219116,0.9533443450927734,0.8397912979125977
17.16660360924451,0.35408662439458616,102.07951254514929,1.9106121063232422,1.0119001865386963,0.664169430732727,2.583526611328125
7.196529645758928,0.568291017329312,99.21380442629939,1.96966552734375,1.243499994277954,1.0740259885787964,0.15299540758132935
-3.0584357144776275,1.6681130402084223,25.081668439952516,1.5750389099121094,2.140288829803467,4.03000020980835,0.014787458814680576
-0.18979840888793395,1.7067253016193193,13.112103681736631,1.7376594543457031,1.9766428470611572,4.03000020980835,0.02712087519466877
10.817733398392694,0.6318805348756725,94.0038303658956,1.9370994567871094,1.827117681503296,4.477131366729736,2.1422410011291504
14.570658756917728,0.6095925620133894,92.69453275513779,1.409999966621399,2.0663580894470215,4.928377151489258,2.1639044284820557
-7.446330017961369,0.5600551502432263,98.12802345515337,2.515700101852417,2.4309847354888916,4.914758205413818,-3.1022756099700928
18.32881283504418,0.7478941957430327,80.54886370025284,2.3797569274902344,2.7006607055664062,7.020100116729736,2.176569938659668
-14.142314435671294,0.6223379363646425,106.12816430287386,1.409999966621399,1.7400000095367432,4.03000020980835,3.1402602195739746
-2.9756149624868646,1.6705238470319088,8.942260203888113,2.799999952316284,2.5,7.5,0.021422013640403748
