2.499401026202414,2.5607106481035586,57.9109724436317,1.4712963104248047,1.754744529724121,4.196030616760254,-0.023124514147639275
-27.97637201839113,3.713281975401369,116.39030461477184,1.409999966621399,1.7400000095367432,4.216566562652588,-2.994547128677368
-0.92808665451951,2.695790013702728,65.82634965713397,1.848001480102539,2.0383870601654053,4.433784008026123,0.02327806130051613
6.438220681049345,2.6605520462057557,64.16920700736874,1.6673927307128906,1.9757106304168701,4.03000020980835,-0.000484447053167969
5.004262872939301,3.0557388005407193,84.11376464526802,1.875162124633789,2.2262020111083984,4.246054649353027,0.03043156862258911
6.262745036710796,2.788275106458395,71.22597073784274,1.409999966621399,1.7400000095367432,4.03000020980835,0.03551023453474045
-8.35166534006419,3.3290910345311815,116.85411522565485,1.818380355834961,1.7400000095367432,4.03000020980835,0.10454350709915161
4.1539726721302985,1.8717932330290106,15.181148608614702,1.6623687744140625,2.0922112464904785,4.523721694946289,-0.00229031965136528
-19.031761861182904,2.751964513166323,63.052798474658644,1.4872913360595703,2.265402317047119,4.398284912109375,-3.087656021118164
-5.851313546833643,3.0701018264991267,98.30937940272054,1.5715885162353516,1.8883132934570312,4.03000020980835,0.11347384750843048
-5.851313546833643,3.0701018264991267,98.30937940272054,1.5715885162353516,1.8883132934570312,4.03000020980835,0.11347384750843048
0.7446719200504446,3.149074245721239,95.4902088859258,1.409999966621399,2.0037307739257812,4.03000020980835,0.06024671345949173
-30.369559161212372,3.45895364305495,92.06732844830408,1.5560073852539062,2.0370659828186035,4.03000020980835,-3.017878532409668
-0.10100863254979814,1.9819097474273173,19.862337352553368,1.443979263305664,1.8352382183074951,4.03000020980835,-0.009844858199357986
-25.235413443690103,3.4938446440581723,99.9734494714235,2.515700101852417,2.213629961013794,6.029680252075195,-3.038684606552124
-3.589236199694345,2.0251980844754964,23.900683971134423,1.4570846557617188,1.8760802745819092,4.665126800537109,-0.014844195917248726
-3.688619048843797,3.3024928018381052,112.24187643446287,1.6290149688720703,1.7584571838378906,4.19215726852417,0.07524770498275757
4.1539726721302985,1.8717932330290106,15.181148608614702,1.6623687744140625,2.0922112464904785,4.523721694946289,-0.00229031965136528
