-0.39776900748059585,3.9994002489292635,98.61625090744965,3.2158374786376953,2.7501766681671143,4.03000020980835,0.003667110577225685
-7.585368858321082,3.1663393242011697,59.353645256251994,1.9715404510498047,0.7565374374389648,0.602402925491333,-2.165482521057129
-8.43697426242611,3.1363900849530424,58.7080371423352,1.8821678161621094,0.8718822002410889,0.6575431823730469,-1.9437837600708008
-6.31855816526674,2.4677319448565616,28.629384009234876,1.456634521484375,1.7974271774291992,4.497708320617676,-3.1350059509277344
-2.5121298816461772,2.6265018535482927,41.61239457629886,2.335447311401367,2.1887948513031006,6.224233627319336,2.905331611633301
0.95470027757752,4.739207175203486,135.82655596627131,1.8395347595214844,1.7400000095367432,4.03000020980835,-0.00778989540413022
10.883958069211447,3.3577455809450933,78.83971206515673,1.9752922058105469,1.9699078798294067,4.150638580322266,2.0890510082244873
6.943920923077047,3.9764335976380085,95.75567056075278,2.3926029205322266,2.6170120239257812,4.538984775543213,-0.5413333177566528
-16.872244465305467,3.5439726534542633,92.62477602875158,1.8243465423583984,1.950896978378296,4.03000020980835,-0.6361192464828491
-6.250644223781081,2.9102386307769654,47.0440314444299,1.4728431701660156,1.8000295162200928,4.03000020980835,3.13342022895813
