-6.8463012290448715,0.270771341180045,114.58358509984407,1.2300949096679688,0.6024641990661621,1.9802955389022827,0.005024603568017483
-7.317633308172166,0.9718757050328926,46.68885694136143,1.5272455215454102,0.6573961973190308,0.6000000238418579,-0.006882334128022194
-7.760954555716809,0.7954053097877503,55.05478910263745,1.7000751495361328,1.18424654006958,0.7543277144432068,-0.011985640972852707
-8.716199042805851,0.031716303807513224,130.70836642462555,2.1345999240875244,1.214741587638855,1.1490379571914673,-0.029856408014893532
-8.095947233254137,0.9985755353563275,42.58607421000958,2.1345999240875244,0.8920314311981201,0.7323744297027588,-0.03115583024919033
-8.284179061434735,1.0905487393972324,34.34338854014461,1.754669189453125,0.7940524816513062,0.6469773650169373,-0.03672287240624428
-8.674125265340416,0.26732477442726843,105.68105958376837,2.1290645599365234,0.9614506959915161,0.6844158172607422,0.014158105477690697
-6.8463012290448715,0.270771341180045,114.58358509984407,1.2300949096679688,0.6024641990661621,1.9802955389022827,0.005024603568017483
-6.8463012290448715,0.270771341180045,114.58358509984407,1.2300949096679688,0.6024641990661621,1.9802955389022827,0.005024603568017483
3.0182392069924546,1.1211298069322941,50.79799182723129,1.6447772979736328,0.8702844381332397,0.7075953483581543,2.9927430152893066
-0.7582471722377097,1.1128671727771826,45.27510748589531,1.7022733688354492,2.01320481300354,4.523605823516846,0.007485875394195318
3.8559185682967785,1.3650693758396046,38.898655812230935,1.7034883499145508,2.154480457305908,4.585260391235352,-0.01147469412535429
3.994040988956043,0.7107846718589987,81.40340921601879,2.037679672241211,2.114748954772949,4.03000020980835,0.051362644881010056
