4.492380135469151,1.6232671332192719,38.968905883855,1.1457462310791016,0.5786531567573547,1.5,0.029323037713766098
-2.875598730694448,1.8561990885568562,33.31519279482022,1.856924057006836,0.810218334197998,1.0324000120162964,-3.0156314373016357
5.65639197092579,1.5614427920783134,60.54304781764193,1.8304176330566406,0.9185597896575928,0.6000000238418579,-0.005114233121275902
2.674533517075747,1.810898196966376,41.70841532323892,1.8709793090820312,1.866265892982483,4.03000020980835,0.0029750862158834934
-9.036772863797568,2.373740651903706,65.51616984235531,1.7696285247802734,2.327727794647217,4.236726760864258,-3.1288886070251465
-8.749178922501732,2.328334003018161,77.54317304620696,2.434870719909668,2.310462474822998,5.408022403717041,-3.1280038356781006
-4.775526165663638,1.992122635101259,25.173948420241576,1.7990026473999023,2.2154102325439453,4.7006072998046875,-3.128049612045288
-0.08304266722722414,1.832496469200259,58.66785407364514,1.816366195678711,2.151876926422119,4.259028911590576,0.23889954388141632
2.819822863089703,1.8018883410345992,36.2287428927516,1.409999966621399,1.985276699066162,4.03000020980835,0.016672860831022263
-4.910579355707125,1.945354849419642,16.061671552982936,1.4938735961914062,1.7400000095367432,4.5884599685668945,-1.0417002439498901
-7.513867827467168,2.136439928917248,104.42273677665938,1.4510440826416016,2.1571316719055176,4.03000020980835,2.9815237522125244
2.5051325635646524,1.8329158784683506,62.47411166930172,1.7527093887329102,1.9508240222930908,4.03000020980835,0.022301970049738884
