6.131179573564866,1.7612584800055402,27.884578902731466,1.287485122680664,0.6921893358230591,1.5675973892211914,3.116724967956543
6.128675017084257,1.7597514647265633,27.966569644145718,1.8000011444091797,0.7242602109909058,1.0324000120162964,3.1198084354400635
-4.476365605837263,3.073013723863604,126.09218704481582,1.9504127502441406,1.7564711570739746,4.03000020980835,0.038685064762830734
-15.518402085818783,3.6212689027224947,144.624252728567,1.409999966621399,1.9465410709381104,4.03000020980835,-3.1066477298736572
6.650208065612672,1.8403517585933231,15.8058654342428,1.7725982666015625,1.8653607368469238,4.155709266662598,-1.0589531660079956
-14.4980867278708,2.471788877635469,66.54639438600515,1.5963363647460938,2.0256431102752686,4.1683526039123535,-3.1209146976470947
-1.961670093655849,2.6212573899378935,94.25925600088473,1.6304168701171875,2.1291565895080566,4.03000020980835,6.188811676111072e-05
-14.201371147920131,2.1414058020356403,31.471917976850335,1.6670799255371094,1.8658305406570435,4.03000020980835,-3.131429433822632
-10.804891004257662,2.5612885342888307,83.88962941138145,1.6383209228515625,2.250730276107788,4.03000020980835,-3.120574474334717
-2.9775599858569812,1.9815240985048415,36.8490167552046,1.500518798828125,1.7400000095367432,4.03000020980835,0.015466058626770973
-14.702977374724226,2.205119951291585,41.197410557917564,1.9228630065917969,2.0439248085021973,4.050726413726807,3.1063997745513916
