-12.298346843579354,2.1628976098707398,0.47166858584206883,1.6857064962387085,1.7400000095367432,4.054359436035156,-3.1180834770202637
-20.12482336941349,2.14825721669021,126.43525432010625,1.5097225904464722,1.7400000095367432,4.794252395629883,-2.2399306297302246
-10.592268766199464,2.4850058245438866,149.50647334801127,1.8920903205871582,1.9922618865966797,5.048039436340332,-3.139646291732788
-22.875214529408556,2.432243075798704,109.11166195103947,1.778719425201416,1.9404821395874023,4.6975789070129395,2.326369285583496
-10.592268766199464,2.4850058245438866,149.50647334801127,1.8920903205871582,1.9922618865966797,5.048039436340332,-3.139646291732788
-25.901687405939825,2.4140834460396565,100.78647063962455,1.409999966621399,1.7400000095367432,4.552160263061523,2.3553507328033447
-8.327062574071238,2.434080340852759,77.44463039732764,1.5307121276855469,2.0980894565582275,5.172986030578613,-3.1272151470184326
-29.215459707482918,2.2583281140860763,97.70352612927603,1.411067008972168,1.7400000095367432,4.129731178283691,2.332944631576538
1.882529775413063,2.1922292335747833,98.80393235610156,2.1148250102996826,2.5031700134277344,4.03000020980835,-0.018924998119473457
-11.914982703551633,2.3612559887152536,42.26095529063049,1.6540555953979492,2.005025863647461,4.598406791687012,-3.1235146522521973
-8.095913212404648,2.002615169668622,20.652156895211967,1.4368213415145874,1.8659127950668335,4.823200225830078,-3.140000581741333
-32.82835550672371,2.220026514644477,94.24881166053028,1.500605821609497,1.7400000095367432,4.285414218902588,2.3421623706817627
3.08330490838559,1.7716871470098132,22.04959346471339,4.026691436767578,2.588318109512329,10.424726486206055,0.003262290498241782
-36.64407919831551,2.1634995035388034,90.95893426048178,1.5948238372802734,1.7400000095367432,5.186161994934082,2.3370859622955322
