-19.11410956389706,-0.20020227909438004,48.49093843397093,1.409999966621399,1.7400000095367432,4.03000020980835,-1.6528618335723877
-18.23318520934795,0.8121341148926822,56.5475837330125,2.515700101852417,1.7400000095367432,4.03000020980835,1.536926507949829
-19.286020596990838,-0.3019027005991932,45.85885313781013,1.409999966621399,1.7400000095367432,4.03000020980835,-1.6471701860427856
-16.50721354127356,1.23849147876864,120.97580960849884,1.6322002410888672,1.7400000095367432,4.03000020980835,-1.5794775485992432
-13.044204958384649,2.1514190908381536,34.65930559440141,1.7784957885742188,1.7952958345413208,4.509815216064453,2.7455804347991943
-16.74722529603512,1.538177856513267,146.75393024927482,1.409999966621399,1.7400000095367432,4.03000020980835,-1.56148362159729
-17.782210389026464,0.8016209865356796,94.84490266587979,1.409999966621399,1.7400000095367432,4.03000020980835,-1.5214693546295166
-16.930919991876877,1.1387678838098974,109.16080670210843,1.409999966621399,1.7400000095367432,4.03000020980835,-1.5843939781188965
-17.47550888235204,0.939540938686354,97.62629585398304,1.8067054748535156,1.9497523307800293,4.03000020980835,-1.5327568054199219
-18.55103904999243,-0.25920277945735637,51.13436024746131,1.6112689971923828,1.7400000095367432,4.03000020980835,1.5473341941833496
-17.390132540330853,1.799721316708296,137.58089649372926,1.484126091003418,1.7400000095367432,4.03000020980835,-1.581006646156311
-16.930919991876877,1.1387678838098974,109.16080670210843,1.409999966621399,1.7400000095367432,4.03000020980835,-1.5843939781188965
-18.615917696283695,0.18083759470706795,79.64178136744452,2.515700101852417,1.7400000095367432,4.03000020980835,-1.5718369483947754
-18.149254499515987,-0.19997909926819668,53.861064950033786,2.515700101852417,1.7400000095367432,4.03000020980835,1.52497398853302
-0.8453035328858859,2.8181151552811374,124.0880567743806,1.6300439834594727,2.0000157356262207,4.03000020980835,-0.0033144215121865273
-19.286020596990838,-0.3019027005991932,45.85885313781013,1.409999966621399,1.7400000095367432,4.03000020980835,-1.6471701860427856
-18.27080036213685,0.5750720979528268,84.89800022150851,1.409999966621399,1.7400000095367432,4.03000020980835,-1.5420945882797241
