-7.153264993016236,1.3885723149458888,49.08534455966405,3.097039222717285,3.312042474746704,11.425291061401367,3.139558792114258
0.695073706570954,1.079505099199462,110.37309070256114,2.631114959716797,2.241471529006958,4.03000020980835,0.025763235986232758
1.4913471344050997,1.23055918001779,87.79555392762238,1.7554025650024414,0.9702494144439697,0.618293046951294,-0.2047935128211975
1.3671205571937026,1.5954034313400622,16.483884205864612,1.6831483840942383,0.9020988941192627,0.6000000238418579,-2.728839874267578
-3.846542439815206,1.017411118158876,116.22104881461225,1.8988752365112305,0.8825801610946655,0.915614128112793,-2.219306468963623
-10.655724872323772,1.2340028340307476,47.12578051486638,1.7254114151000977,0.8316789865493774,0.6296880841255188,2.906858444213867
2.8267069211713616,1.440730063234972,19.211570606595142,2.082463264465332,0.9451477527618408,0.88068026304245,-2.1587438583374023
-11.951969891256484,1.332247023156403,31.568570177128272,2.0752363204956055,0.6000000238418579,0.6000000238418579,0.02358892746269703
-5.898028640261925,1.293469897058639,92.84211312324601,1.8559026718139648,0.7465124726295471,0.8828388452529907,1.707648754119873
-11.526543776526044,0.9719898068106028,126.62937346083041,1.561995506286621,1.222157597541809,0.6000000238418579,-3.064202070236206
-11.889517192022218,1.2980277803243028,37.67528345183362,1.9082059860229492,0.6977877020835876,0.6399255990982056,-1.5336241722106934
8.087667870310357,0.997007736724355,41.990495951461895,1.9298763275146484,0.8296880722045898,0.6149162650108337,0.030775267630815506
-11.38212132352767,1.3033786636369242,38.38940503326561,1.6758842468261719,0.6000000238418579,0.6000000238418579,-2.745225429534912
-9.966134485610315,1.3069693702584542,41.52127075121396,1.999171257019043,0.9709776639938354,0.9057967066764832,3.014857530593872
-5.898028640261925,1.293469897058639,92.84211312324601,1.8559026718139648,0.7465124726295471,0.8828388452529907,1.707648754119873
0.5899944488732565,1.1535536307109768,103.56467945356744,1.8184633255004883,2.007457971572876,4.03000020980835,0.0015396972885355353
