0.7424996414568007,1.3263998019760521,54.25173616562487,3.3420028686523438,3.078342914581299,6.631627082824707,-0.016349701210856438
4.93886259651368,1.6140371651195675,34.9487045492285,1.6985549926757812,1.7400000095367432,4.03000020980835,-0.02199636586010456
5.0433439188896125,1.653075246957476,28.854280431811496,1.4783439636230469,2.1472737789154053,4.03000020980835,-0.010325470939278603
5.625815241201739,0.5984084552576645,89.43711063623007,1.4113998413085938,2.0236215591430664,4.03000020980835,-0.010832294821739197
-3.506279326899029,1.5019179153841713,44.98607911800063,2.515700101852417,2.9929897785186768,7.020100116729736,-3.14028263092041
-2.346513652525291,0.9560123006916132,75.9759976465596,1.6883583068847656,1.9718035459518433,4.03000020980835,-3.1310384273529053
-2.993418389696889,-0.1449837004087431,113.77019115951153,1.7116966247558594,2.1958365440368652,4.467357635498047,3.1185030937194824
5.489475106845545,0.8831991775826733,78.67447259091331,1.409999966621399,1.7400000095367432,4.03000020980835,-0.008124600164592266
5.202503561085604,1.538575906283031,41.38616802975164,1.7552146911621094,2.2380762100219727,4.241072177886963,0.05429486185312271
-4.960312257292081,-1.1591338662380863,143.30595296925586,1.409999966621399,1.7400000095367432,4.03000020980835,3.1266930103302
5.85765912025248,1.2091463368549933,65.92015131194728,1.59527587890625,2.2923927307128906,4.03000020980835,0.004171543288975954
5.012417105314351,1.7355372303060461,17.3191479206109,1.5467681884765625,2.1656365394592285,4.471803188323975,0.007149320095777512
0.3033588283787065,1.623424517409401,31.238783803546667,1.9745826721191406,2.297999858856201,4.03000020980835,0.025160271674394608
