12.247669536651815,0.6354320143191003,65.10783744769033,1.3566768169403076,0.6742933988571167,1.5,-0.03556026890873909
12.24891295424034,0.6320017880769804,65.26301161150373,2.0250000953674316,0.7333474159240723,1.0324000120162964,-0.02645866945385933
-1.573716186154913,1.3110387838550395,44.347218324064656,4.27670955657959,3.3748350143432617,11.533536911010742,3.131788492202759
13.495403186851323,1.3205752158754418,36.22991628129312,1.6754703521728516,0.7346705198287964,0.7229495048522949,0.008728702552616596
22.069175767894585,0.49261960039984487,93.70110185490891,2.193279981613159,2.2844138145446777,4.03000020980835,0.3401116728782654
21.67469834634592,0.4280500907615732,65.31608173611576,1.9761223793029785,1.8843265771865845,4.03000020980835,-0.7538145184516907
-2.989492092586996,1.5387511423567926,20.13038622265818,1.9661731719970703,2.2258057594299316,5.097338676452637,3.054377794265747
18.06075012062897,0.4960120596332551,65.9101440667431,2.053628444671631,2.228853225708008,4.254597187042236,-0.7282305955886841
2.232791792290308,0.7050225839848552,83.81336308423059,2.2044308185577393,2.191087245941162,5.644742965698242,2.6230688095092773
15.148302587969642,0.4763461397943445,94.62385232639635,1.6181151866912842,1.7400000095367432,4.328063011169434,0.41587743163108826
