-9.377914603799685,1.7826370138567307,60.05854406855926,1.8020172119140625,0.7700953483581543,0.6000000238418579,0.023378577083349228
-10.49761195679801,1.6844414505576704,82.0874549965294,1.8163681030273438,0.6000000238418579,0.6335674524307251,1.5917561054229736
-8.595006195491525,1.8510816166658381,45.308534411524974,1.7451171875,0.8617334961891174,0.6000000238418579,-3.118989944458008
1.312183576908293,1.650202028645869,12.000003453312654,1.9448394775390625,1.7400000095367432,4.03000020980835,-0.654495894908905
-6.138135219140317,1.8888524622062295,25.92580581011434,1.6256637573242188,1.7400000095367432,4.46829891204834,-3.1236612796783447
-6.357088035123831,1.8898588878147573,32.00578195494494,1.4234466552734375,1.8057146072387695,4.802683353424072,-3.1260411739349365
-7.010887933775769,1.5705337648983393,116.95236024445519,1.5576400756835938,2.295717716217041,4.09282922744751,-3.116750955581665
-6.392163282585713,1.875939773914143,44.171684720137414,1.4621658325195312,1.8360552787780762,4.388296604156494,-3.1189606189727783
-6.502966019687618,1.776068432839537,64.0181624919278,1.409999966621399,2.186680316925049,4.588154315948486,-3.133887767791748
-6.2802035868289785,1.9220037215410193,18.47022580716195,1.4334945678710938,1.742732048034668,4.383194923400879,-3.129948139190674
-6.569655498211622,1.7689124224524708,73.12889593554131,1.4427413940429688,1.805976390838623,4.187204360961914,-3.1273937225341797
-6.2802035868289785,1.9220037215410193,18.47022580716195,1.4334945678710938,1.742732048034668,4.383194923400879,-3.129948139190674
