-3.9210168918196824,2.095094791265666,35.11169709037332,3.441814422607422,2.7802581787109375,5.766261577606201,-0.00465812673792243
-2.2974870038214634,2.6033218142196874,75.9561388782665,3.8602142333984375,2.994896411895752,9.5,-0.005512472707778215
3.741283474564113,2.3464013869666096,54.4510361243045,3.4411888122558594,3.013876438140869,4.03000020980835,-0.036190520972013474
2.944112245018192,2.128807877430435,37.6714887831341,1.9279212951660156,1.9984986782073975,4.472174644470215,0.16875486075878143
-3.2148122205560474,2.291408536918881,50.18464755107031,1.9834709167480469,1.9484117031097412,4.03000020980835,-0.007075466215610504
-3.934614607623879,1.9461981593625208,22.9638706862776,1.5155048370361328,1.8241772651672363,4.2211432456970215,0.006628316827118397
-4.067725772248804,1.834474793684154,13.184531547804628,1.5547103881835938,1.937182903289795,4.8085036277771,-0.008492881432175636
-0.08909198732011474,2.2447795669650583,45.32957165046083,1.7777271270751953,1.946742296218872,4.077193260192871,0.0005867990548722446
0.6059373741984039,2.409716390643257,57.16819909618472,1.9770851135253906,1.8952350616455078,4.416501045227051,-0.008528312668204308
-16.052456068831738,2.2964173297789663,37.91931400201711,2.1740000247955322,1.1892999410629272,1.545199990272522,-0.010136177763342857
