-0.0733574943492521,1.4244137255477554,22.778886480477723,1.5859832763671875,0.6590791940689087,0.6000000238418579,0.3624509572982788
-0.8060174545947147,1.4343959488359093,20.89453221879887,1.7854061126708984,0.7162085771560669,0.6000000238418579,-2.6231064796447754
3.277046482263303,1.595967996611567,11.692260157045371,1.7926311492919922,0.6217644810676575,0.6692818403244019,-2.707777500152588
-14.036814087850901,1.3990044846610896,38.08984328264991,1.8549766540527344,0.9113154411315918,0.8003013134002686,-2.697800874710083
-6.608677303987859,1.425101376185204,28.077114303774444,1.6023826599121094,0.6000000238418579,0.6793228387832642,0.608606219291687
3.2671947748300125,1.571686547461842,16.993425892628068,1.6865921020507812,0.6000000238418579,0.7296434640884399,2.9361484050750732
-7.291068934908621,1.4291518503246998,27.700113705215536,1.5,0.7550464868545532,0.6000000238418579,0.6194251775741577
4.2721826229457545,1.6026065659884747,11.06561970874013,1.9991111755371094,0.6554228067398071,0.7628878355026245,-2.6997036933898926
-1.9945394445434785,1.4243808226627146,23.245956808041345,1.7077903747558594,0.7343931794166565,0.6578258275985718,0.4070146977901459
-15.901887907001624,1.3968122828800116,40.880317363274415,1.8967647552490234,0.7838953733444214,0.6532547473907471,-2.7226922512054443
1.3122247167498748,1.5294210189194142,20.70288823716126,1.7780609130859375,0.6600033044815063,0.6000000238418579,0.42681801319122314
-5.466636284195801,1.4263191996318094,27.068462205310635,1.8760490417480469,0.7820934057235718,0.6477134227752686,0.5052635669708252
2.523208404929492,1.5779110867068638,17.024129895616372,1.6535606384277344,0.6258860230445862,0.7224581837654114,0.4378547966480255
0.7160137055668239,1.5244812029335417,20.144020328396564,1.6107006072998047,0.7164738178253174,0.6000000238418579,0.4407837390899658
4.690745126432954,1.5703645508805457,13.975510279852523,1.7942218780517578,0.6672042608261108,0.6035277843475342,0.4453686475753784
5.429412620793308,1.5793967378027007,13.170680331286595,1.6470813751220703,0.6593823432922363,0.6269947290420532,0.4201536774635315
-42.19936015482806,1.8941866460025025,93.75552713552163,2.271364212036133,2.098637580871582,4.375876426696777,-0.6021901369094849
5.763118383573711,1.4467815155790849,23.806304153288536,1.2565765380859375,0.47909998893737793,1.0786999464035034,-2.038588523864746
