-8.041016944875658,2.9449493658600483,92.54657055455665,1.409999966621399,1.7400000095367432,4.03000020980835,-3.1404178142547607
-8.205938667327187,3.058818461873786,100.05975142779246,1.8767127990722656,1.7400000095367432,4.03000020980835,-3.1029844284057617
0.978727770913784,3.056211073033108,109.61076976897272,1.8512306213378906,1.8387328386306763,4.03000020980835,0.02788807637989521
0.17645388181269775,1.777686317397881,17.276969231830453,1.4307422637939453,1.814685344696045,4.136730194091797,-0.0009750242461450398
2.6785066923090666,1.8198999732596794,23.128835868606625,1.8481616973876953,2.166118621826172,4.452546119689941,-0.003084519412368536
-7.87605516364564,2.776916978356618,81.29712937468784,2.515700101852417,1.7400000095367432,4.15795373916626,-3.13810396194458
-5.548016554101779,3.1270620098628035,102.88007839831798,1.5418891906738281,2.0119166374206543,4.03000020980835,-3.1065027713775635
2.225262815609621,2.1428944827200445,50.2138915608012,1.4931564331054688,2.020665168762207,4.03000020980835,0.009393843822181225
3.0708123440438615,1.7694376906991525,4.717188244934496,1.6617145538330078,1.990557312965393,4.03000020980835,0.034911591559648514
2.7836389292381236,1.7914191926535574,17.091902564033123,1.5236949920654297,1.92551851272583,4.03000020980835,0.012383025139570236
-7.567815309011811,2.5513001930003423,64.59394850967071,1.409999966621399,2.3858776092529297,4.03000020980835,-3.1185474395751953
-0.6164973735571118,3.4435090579633387,138.8502061281525,1.7320060729980469,1.7400000095367432,4.03000020980835,0.025015035644173622
-2.729148547448327,1.7737589782854055,6.7345638347139225,1.9309043884277344,2.216151714324951,5.722057342529297,-3.1284053325653076
