-0.5510169665788374,1.0006758249445626,111.8034148964963,4.537422180175781,2.424281120300293,4.318883895874023,0.04184246435761452
-5.26423569224767,0.8444243287268232,129.27281791651964,2.8520050048828125,2.542351484298706,7.154760360717773,-2.610565662384033
8.263299790329102,1.5045068912995991,21.350319305210988,1.6557388305664062,0.7094987630844116,0.6226382255554199,0.03578299283981323
-11.604210768077046,1.3099140059625052,37.465831377197276,1.800079345703125,0.9448418617248535,0.6000000238418579,-3.0539631843566895
-3.8791464578429817,1.6015349218339316,20.031396687536212,2.0166397094726562,2.135669231414795,5.110627174377441,3.1095612049102783
-17.922146190791153,1.130622897170265,46.38608835510756,1.6416778564453125,1.7400000095367432,4.03000020980835,1.6917383670806885
0.44436470671685,1.6561835735049963,9.078236201502717,1.6512680053710938,1.8637194633483887,4.03000020980835,-0.017793772742152214
-7.682721732814975,1.6259501315334441,22.33100834456294,1.409999966621399,1.8661340475082397,4.083902359008789,-3.1370084285736084
-7.54516315779306,1.219012958969528,67.48829873858246,1.857452392578125,2.37665057182312,4.03000020980835,-3.1279680728912354
4.041623587201265,1.733350529458125,14.773113083573929,1.4254837036132812,2.0357723236083984,4.03000020980835,-0.010884271003305912
