6.17046620432347,0.8654595975356809,71.11341001315904,1.4233722686767578,0.5486682653427124,1.5,-0.004903207067400217
-3.847230710861747,1.356808157854015,34.66454377587915,3.6367530822753906,3.1324143409729004,8.513577461242676,-3.125200033187866
1.3616490376965324,0.8173434403669665,74.78749218792473,1.5921783447265625,1.9111589193344116,4.03000020980835,-0.017091216519474983
-3.870653908906431,1.6374315570457936,14.185223705780379,1.7149848937988281,2.5452585220336914,4.910301208496094,3.1064021587371826
-0.2544038141994762,1.0496988982999709,50.30232317552905,1.539560317993164,1.7934064865112305,4.03000020980835,-0.0008128824410960078
6.17046620432347,0.8654595975356809,71.11341001315904,1.4233722686767578,0.5486682653427124,1.5,-0.004903207067400217
6.117898317247065,0.5702136048078486,106.74351392859202,1.999990463256836,1.7400000095367432,4.792539119720459,-1.556816816329956
4.307294960017785,0.979836971387936,66.60717283498155,1.5568981170654297,1.9829223155975342,4.03000020980835,-0.00030979112489148974
4.089437155761046,0.7439267809944259,87.22383634733949,1.5078353881835938,1.7400000095367432,4.03000020980835,-0.021904023364186287
-3.847230710861747,1.356808157854015,34.66454377587915,3.6367530822753906,3.1324143409729004,8.513577461242676,-3.125200033187866
-3.2426553758241012,0.31652739958252285,127.64345215645551,1.4512176513671875,2.2994675636291504,4.184299468994141,-3.134981632232666
-3.8632221567019593,0.6438928443045633,101.85379894218975,1.459615707397461,2.147925615310669,4.060004711151123,3.133805990219116
1.669250959117906,1.580225386367017,10.79741809224299,1.5011253356933594,1.8659886121749878,4.03000020980835,0.04522942751646042
1.669250959117906,1.580225386367017,10.79741809224299,1.5011253356933594,1.8659886121749878,4.03000020980835,0.04522942751646042
