-21.309699851779776,2.8973703629519143,103.81279535067351,1.5374269485473633,0.9439449906349182,2.5032999515533447,-1.3546019792556763
0.14673666654079298,2.386901387709777,105.66939768546277,1.2416448593139648,0.8226420283317566,2.5032999515533447,-1.4905226230621338
-3.299500665062858,2.4429979995106406,105.45373509132263,1.093027114868164,0.8769998550415039,2.116764545440674,-1.5227818489074707
-7.011259348742939,2.5432855485508377,105.3706394461334,1.0121326446533203,0.6189684271812439,2.1601004600524902,-1.4155681133270264
-10.237988677595183,2.5935079763509217,105.59359215063178,1.0492525100708008,0.852366030216217,2.128377676010132,-1.4627763032913208
-16.879024642145538,2.710790660596877,104.72346003539202,1.3608131408691406,0.7977162599563599,2.33638858795166,-1.3452471494674683
0.0767070453082006,2.3831144969368516,105.02639067270201,1.7667627334594727,1.0332368612289429,1.7335779666900635,-1.5014982223510742
-10.200136803400369,2.6006927606865773,105.39495644077506,1.5,0.8056565523147583,1.0324000120162964,-1.4652009010314941
-3.2807752056408646,2.431778297479706,105.38496012025254,1.5,0.9131262302398682,1.0874173641204834,-1.5054712295532227
-7.110610923126686,2.5501027463655865,105.50933251816454,1.5,0.6845544576644897,1.1625421047210693,-1.4109137058258057
-13.887468843840772,2.603102300008067,104.9821612164047,1.5,0.7587288022041321,1.46087646484375,-1.3433241844177246
-40.098992499478754,3.5286239337797327,129.91261694258353,1.409999966621399,2.6503348350524902,5.219756126403809,1.1562970876693726
