-18.604596830786722,1.728226169471759,45.66315542681896,1.806020736694336,0.8823775053024292,1.0324000120162964,0.052197981625795364
-14.561225790870443,1.636547501783422,87.2262503639572,3.2064971923828125,3.9352478981018066,12.03718376159668,-3.108367443084717
-19.88756083212358,1.560071915286033,78.92171857165738,2.1345999240875244,1.243499994277954,1.271870732307434,-3.121211528778076
-18.998143286402826,1.5123291053368735,89.91817322168956,2.1345999240875244,1.1200206279754639,0.9545459151268005,0.05056588351726532
-19.34290934551701,1.5925386293301813,73.71848268793097,1.603109359741211,0.6161181330680847,0.6000000238418579,0.027289342135190964
-19.88756083212358,1.560071915286033,78.92171857165738,2.1345999240875244,1.243499994277954,1.271870732307434,-3.121211528778076
-15.991709381204224,1.8311406851722802,61.3102333655993,1.4363117218017578,1.8179982900619507,4.0404276847839355,-3.0801291465759277
-15.000013586351137,1.9127709807935382,41.31698063527358,1.6561527252197266,1.7725406885147095,4.03000020980835,-3.1011803150177
-7.228151211798203,1.3915378377285712,131.2388263804063,1.5454463958740234,2.5326473712921143,4.03000020980835,0.05957627668976784
-16.78555244296619,1.8060908864675445,68.30336193277167,1.409999966621399,1.7400000095367432,4.03000020980835,-3.0772500038146973
-14.559614011564163,1.9191852440944823,36.374110033845625,1.441183090209961,2.1639397144317627,4.03000020980835,-3.081303834915161
-15.102249815996753,1.8932284876824943,46.64054464575019,1.4501228332519531,1.7400000095367432,4.33338737487793,-3.0768489837646484
-15.454967654538232,1.8899813653186377,53.30514054074666,1.6604843139648438,1.7895209789276123,4.424618721008301,-3.110466718673706
-13.760825521895542,1.3670005312789613,125.93821493962325,1.5323200225830078,2.780142307281494,4.997138977050781,-3.105914354324341
-11.14097743440771,1.1977751713010547,147.04026180321873,1.8384418487548828,2.6734132766723633,4.03000020980835,0.030574288219213486
1.209431778486138,1.8087967415102293,31.9849951711849,1.8612403869628906,2.013782501220703,4.277507781982422,0.06529290229082108
3.3093131691064643,1.70731462922918,24.711104848652862,1.2444992065429688,0.47909998893737793,1.0786999464035034,0.665960431098938
