-7.691631554537933,1.9762179315869808,43.464333842163555,1.5,0.7184278964996338,1.0319225788116455,-3.113980293273926
2.345017290961568,1.423068387854459,137.23448590945512,1.4642829895019531,1.8383007049560547,4.03000020980835,0.024634739384055138
2.702918238767062,1.7925733360067762,7.942858605608977,1.675063133239746,1.7400000095367432,4.615973472595215,0.03328939527273178
-5.104645510274694,1.8768312625286219,11.597170304189294,1.7332696914672852,1.7400000095367432,4.452231407165527,-0.006682924460619688
-5.291260079637207,2.016532752941638,69.39394459923979,1.8767614364624023,1.8428189754486084,4.03000020980835,-0.007597299292683601
2.141496806899472,1.8293073906331925,13.986407177196035,1.5533838272094727,1.945521593093872,4.77169132232666,-0.04968113824725151
-0.15108324061382186,1.7933289386658908,25.156006473425418,1.8154144287109375,1.9413254261016846,4.03000020980835,-0.04540320485830307
-5.2671458349341975,1.9201924444511165,21.19205668726946,1.7655620574951172,1.7400000095367432,4.60882568359375,-0.0054535153321921825
-5.151665742716312,1.935128395665184,49.74002666084711,1.7500524520874023,2.0701329708099365,4.101242542266846,0.0071921623311936855
-5.600604680160756,1.4464888002398673,143.35417830984318,2.500333786010742,2.257028102874756,4.03000020980835,-0.01725940778851509
-5.204698664063424,2.0075835785810487,63.00969414819012,1.531942367553711,1.7400000095367432,4.03000020980835,0.03071914054453373
2.55413271833168,1.8958695877601666,69.41879220059106,1.7225065231323242,1.8168833255767822,4.03000020980835,0.001988769043236971
-5.321493117487634,1.9701626855099952,87.56011454306079,1.455587387084961,1.7400000095367432,4.03000020980835,-0.0029031257145106792
