7.243314660693383,1.7146670645362194,34.91122354670138,1.802774429321289,0.7242252826690674,0.6000000238418579,3.0818257331848145
-8.527520603994164,1.8005963190196939,137.51782209450062,1.6644477844238281,0.959468424320221,0.6000000238418579,0.02339612878859043
-9.94374590591476,1.7581015300613791,65.83228362549595,1.6873703002929688,0.7401385307312012,0.6000000238418579,3.1386075019836426
6.88617363609676,1.71233962954711,48.19699543953732,1.827901840209961,0.6000000238418579,0.6000000238418579,-1.9825000762939453
-6.070180216986619,1.870867311926668,84.59283756851161,1.7003822326660156,1.8263940811157227,4.199624061584473,3.1325109004974365
3.1563216927277873,1.7251333204094175,32.854505195177865,1.5583114624023438,1.823025107383728,4.03000020980835,-0.0649028792977333
-6.40179275352966,1.9330888464181926,72.71773507186683,1.890899658203125,2.0117318630218506,4.03000020980835,3.1188571453094482
-6.458144670482181,1.8197735692221046,26.19790535186197,1.4922866821289062,1.7400000095367432,4.03000020980835,-1.5889110565185547
11.452717330252648,1.5163220153660777,30.185078152302193,1.9076099395751953,1.7848105430603027,4.518710136413574,-1.5652899742126465
0.022630529843911562,1.6907752681646746,18.763744635271873,1.6714248657226562,1.7481591701507568,4.03000020980835,0.0031482214108109474
11.835113837198238,1.5252381094543976,46.50213645074529,1.7285785675048828,1.8380215167999268,4.03000020980835,-0.6403041481971741
11.452717330252648,1.5163220153660777,30.185078152302193,1.9076099395751953,1.7848105430603027,4.518710136413574,-1.5652899742126465
11.452717330252648,1.5163220153660777,30.185078152302193,1.9076099395751953,1.7848105430603027,4.518710136413574,-1.5652899742126465
-4.746792944944177,1.8612543852701247,8.76384355062779,1.7341632843017578,1.9857616424560547,5.26801061630249,3.05641770362854
2.870811332259459,1.7002622118773698,49.61444852482821,1.8003578186035156,1.9720618724822998,4.03000020980835,-0.017251595854759216
7.307462415417289,1.7058830517680938,48.476243464551395,1.4434490203857422,0.6407455205917358,1.0786999464035034,2.7472550868988037
8.734019682379412,1.6895912535589104,49.003615946650534,1.5078296661376953,0.5487695932388306,1.0786999464035034,2.3627877235412598
9.157789050785597,1.6174942612981242,72.84357007982673,2.0220279693603516,0.7102106809616089,0.808940052986145,3.027935266494751
8.863443528823348,1.6774196880981966,48.71201534370709,1.646780014038086,0.7843209505081177,0.6000000238418579,2.988701820373535
