7.531137207496665,1.788352960281041,29.468528388066954,1.2435894012451172,0.5495193004608154,1.6711742877960205,-1.5115629434585571
0.474017038725424,1.8234199538649345,28.150134399853243,1.4712963104248047,1.754744529724121,4.196030616760254,0.013355674222111702
0.6378303946530351,1.7842289201031403,40.1740516584232,1.848001480102539,2.0383870601654053,4.433784008026123,0.024424917995929718
-3.929216605466435,1.73998836647218,110.79174241887323,1.409999966621399,1.7400000095367432,4.03000020980835,0.0008708977256901562
-3.497693802293842,1.742838652427195,78.94280560704091,1.818380355834961,1.7400000095367432,4.03000020980835,0.01882925257086754
7.13606665810344,1.8800830527267691,14.869963289696354,2.515700101852417,2.234131336212158,5.722975730895996,-0.03778400644659996
-5.008963474581089,1.7866823834340146,15.301733064337938,1.872018814086914,1.7810641527175903,4.50783634185791,0.015397761948406696
-3.7481743843927116,1.7521262575647365,62.025700424423306,1.5715885162353516,1.8883132934570312,4.03000020980835,0.0439540334045887
-0.4882721478395781,1.7507749626258777,56.00926647498855,1.409999966621399,2.0037307739257812,4.03000020980835,0.0356965996325016
-2.900983558319466,1.7087903916823173,132.9411965976661,1.950155258178711,2.130326747894287,4.299607276916504,0.09070627391338348
11.640222795991527,1.3369185879158412,42.75954944335029,2.380125045776367,2.847991943359375,6.395944595336914,0.03661395236849785
-23.399133480761744,2.177988746680109,124.59357245532253,1.5310745239257812,2.1843957901000977,5.06032133102417,-3.0812783241271973
-0.2741673805050029,1.8284026839942782,15.163336646534411,1.443979263305664,1.8352382183074951,4.03000020980835,-0.008698002435266972
-13.499527875755511,1.7789590855378874,56.40033722313366,1.557180404663086,1.7400000095367432,5.14150857925415,-1.1934473514556885
4.0065066768707025,1.7686423059992586,37.93717819322732,3.8883438110351562,3.263400077819824,10.170000076293945,0.01579698547720909
