-5.682381726828472,1.654388757191755,19.147960676651625,1.5632410049438477,0.6000000238418579,1.0324000120162964,-3.1116132736206055
-7.279390873540685,1.1826429594110195,93.20283892136061,1.5272455215454102,0.6573961973190308,0.6000000238418579,-0.0080900052562356
-7.3755181780314345,1.488362291667952,46.58146811738755,1.854257583618164,0.7061724662780762,0.6497659683227539,0.05774196982383728
-7.747714021284521,1.0467555420294903,104.59015707985652,1.7000751495361328,1.18424654006958,0.7543277144432068,-0.013193311169743538
-6.838474599216788,1.5215783002800698,39.97436063425725,1.8560872077941895,0.7530956268310547,0.6903464794158936,-0.020481010898947716
6.75442356725899,1.3828497098598744,106.30163670063988,1.876856803894043,0.9657174348831177,0.7307313680648804,-0.03995446115732193
7.480514682168528,1.8448532955327395,28.917501875646256,1.8439273834228516,0.7063311338424683,0.6844319105148315,3.083601951599121
-4.203341814700733,1.4286817110422456,91.39734006647963,2.1345999240875244,0.8920314311981201,0.7323744297027588,0.5177122354507446
4.060008491847951,1.5466221896178958,96.37991502406148,1.7034883499145508,2.154480457305908,4.585260391235352,-0.012682364322245121
-8.441786163762885,1.2782249306290385,81.70970145508869,1.754669189453125,0.7940524816513062,0.6469773650169373,0.009180567227303982
-8.385473306221016,1.3898083371439978,62.918427071237446,1.619375228881836,0.8148829936981201,0.6000000238418579,-0.027814587578177452
-7.3794017750701615,1.4590385057635573,27.575722033870562,1.7023677825927734,0.6409372687339783,0.6000000238418579,0.029241476207971573
8.973243019435882,1.1738438361043395,112.12187448321839,1.6447772979736328,0.8702844381332397,0.7075953483581543,1.754868745803833
9.323534080782954,2.0311810535092265,66.01474637633581,1.7022733688354492,2.01320481300354,4.523605823516846,1.3472589254379272
4.060008491847951,1.5466221896178958,96.37991502406148,1.7034883499145508,2.154480457305908,4.585260391235352,-0.012682364322245121
11.60326879460199,1.8706520708236956,30.607228137351818,1.7803902626037598,1.8689987659454346,4.03000020980835,-1.5504379272460938
4.173337561008946,1.0037309635347489,139.03976469297714,2.037679672241211,2.114748954772949,4.03000020980835,0.050156235694885254
4.029724384374128,1.8623124779583993,47.45262939583055,1.6632270812988281,1.9475740194320679,4.481662750244141,0.009370988234877586
