-6.55481681007466,1.9604208076443834,58.5301204623706,2.1345999240875244,1.1130735874176025,0.759864091873169,-0.0026647343765944242
9.245834532440437,1.7595617684652076,100.25741275283426,1.936112403869629,0.8754333257675171,0.6000000238418579,0.0017867544665932655
8.84259376787125,1.6304497544513459,117.98567549550094,1.5,1.243499994277954,1.4164999723434448,-3.1400904655456543
-7.9455785110915365,1.907192916731842,58.22424102631858,1.8514528274536133,0.8594104647636414,0.6020764112472534,-0.051467884331941605
-7.190821098412224,1.9417029489580422,57.59434471991636,2.1345999240875244,0.8929234147071838,0.74286949634552,-0.047871317714452744
2.827070080412168,1.7475598231140654,11.270748308623485,1.7083930969238281,1.7400000095367432,4.03000020980835,0.0013666597660630941
2.827070080412168,1.7475598231140654,11.270748308623485,1.7083930969238281,1.7400000095367432,4.03000020980835,0.0013666597660630941
4.211192928702297,1.79270088699,89.55144891111182,2.4705543518066406,2.760627269744873,5.473143577575684,0.008233231492340565
-2.9231164363062048,1.9450118331009238,71.70199382154497,1.5645723342895508,1.7400000095367432,4.03000020980835,0.01835528388619423
0.41328390737805903,1.7430360021099496,32.03405297601356,1.779038429260254,1.990751028060913,4.8499755859375,-0.008957481943070889
4.249784568523385,1.8263393391717742,77.02016253023959,1.6007890701293945,1.934356689453125,4.03000020980835,-0.017724284902215004
-2.5002252321828218,1.7550928451057837,8.339617204970237,1.9281511306762695,1.977172613143921,4.688511848449707,0.009145463816821575
-2.3540011415668993,1.8712676056895077,102.18355837379278,1.409999966621399,1.7400000095367432,4.03000020980835,-0.01627925969660282
-3.88401964509441,1.9662454886673335,51.60058998386474,2.515700101852417,2.588186264038086,4.505236625671387,-0.018800845369696617
3.336904945989692,1.742163132936344,17.68465153796947,2.088550567626953,2.4363017082214355,4.582335472106934,-0.007945635356009007
