8.018344793700715,1.6126784056798704,54.370357567977784,1.7517471313476562,0.7620112895965576,0.7791072726249695,-0.5281203389167786
8.063132139937267,1.539357127577598,25.974493025681028,1.73101806640625,0.8974596261978149,0.8795621395111084,-0.031095482409000397
7.158436007023966,1.6937142754154872,58.63979427585281,1.5,0.9619269967079163,1.2972297668457031,-1.5668535232543945
8.99287123480662,1.4918897294490838,33.533751798188874,1.6583328247070312,0.8855395317077637,1.0431528091430664,-0.08163204789161682
8.822112871998264,1.5411038752865216,24.135661302448373,1.619384765625,0.6712497472763062,0.7709197998046875,0.01714172028005123
6.66609223967769,1.6240918737746037,28.56773068740372,1.60498046875,0.6000000238418579,0.6487003564834595,1.5948071479797363
6.909683864577001,1.7000724814348906,56.377117140250256,1.5,0.7121940851211548,0.8566712141036987,-1.5538945198059082
10.422327230164822,1.4705538253129062,54.70752212708901,1.9628067016601562,0.8148366212844849,0.8370351791381836,1.587241291999817
8.890714843948926,1.5626886690351922,55.127461229490514,1.8676376342773438,0.6000000238418579,0.7468053102493286,0.8635671138763428
10.230491860503097,1.5206707386029936,59.38301726538765,1.5,0.8735603094100952,0.6000000238418579,1.5906157493591309
-3.558361377653143,1.7225791463351312,15.997065145866813,1.7728271484375,1.980169415473938,5.276101112365723,-3.1308629512786865
-7.354464295685254,1.8674157553128963,68.48911413191155,2.2665939331054688,2.1965928077697754,4.489598274230957,-3.1263985633850098
5.2161480768769275,1.896491151500157,90.98830787150787,1.8697662353515625,1.8539912700653076,4.03000020980835,-0.010232924483716488
5.243003707292712,2.3553115497952906,149.2746798432269,2.0826797485351562,1.9055168628692627,4.03000020980835,0.023494265973567963
5.797887097552762,2.0290535454191536,112.3630811475099,1.703216552734375,2.194321393966675,4.894364356994629,0.0021303470712155104
0.43307406119795844,1.7555704209348237,64.4456242056296,2.13543701171875,1.9491901397705078,4.34560489654541,0.0014550569467246532
4.816007689669935,1.7152651679454973,16.277166587910273,1.409999966621399,1.7400000095367432,5.122415542602539,-0.021185671910643578
4.728204262936958,1.7748561567936925,55.20006584836189,1.5135269165039062,1.971534013748169,4.723755836486816,0.002659780438989401
-7.5201401077284205,1.8890308136177851,16.659404010368082,1.48193359375,1.7508389949798584,4.176807403564453,3.1242644786834717
-6.887037825454102,1.983278739495769,102.43071408424223,1.7325820922851562,1.9830782413482666,4.03000020980835,3.1318252086639404
11.111230925812196,1.5427351998190744,44.00535547815537,1.7861785888671875,1.82710862159729,4.185007095336914,1.9127318859100342
-3.1786199823951353,1.734857605240052,30.07063754618745,1.4963836669921875,1.779104232788086,4.744876861572266,3.13073992729187
5.064002519915797,1.8501108936299788,76.19281892346814,1.8698883056640625,1.772416591644287,4.03000020980835,0.04929996281862259
-2.718685225892065,1.907515268330689,104.5223627967787,3.61907958984375,3.11550235748291,9.5,3.1387457847595215
