-5.831134123868646,2.000457092832026,31.884516614191263,1.7361761331558228,1.9177017211914062,5.066314697265625,-3.1343135833740234
-5.840588145285178,2.100899829354042,50.96341783457537,1.9175126552581787,2.05086350440979,5.767582893371582,3.138507127761841
2.653933699495391,2.021928777148915,66.67106899191042,2.424461603164673,2.3938279151916504,5.595013618469238,0.0008291854755952954
0.16628610923871096,1.7609371864682777,14.297011311103635,1.4666715860366821,1.9199116230010986,4.03000020980835,0.017980873584747314
3.513134075871467,1.840395413645858,44.968531916061984,1.5018888711929321,1.9372316598892212,4.233501434326172,0.017529107630252838
10.366142036466814,2.2748134932752047,81.85681729854514,1.6420445442199707,1.7419061660766602,4.03000020980835,1.5777294635772705
3.1971141544865205,1.7877478382827514,19.354887100973205,1.4524166584014893,1.7400000095367432,4.03000020980835,0.008796230889856815
-3.033585634964939,1.9584885754260601,48.42173272386897,1.5381674766540527,1.94264817237854,4.761139869689941,3.1303412914276123
2.7419914672707946,1.778237836576968,9.732677882067508,1.434027910232544,1.7791516780853271,4.03000020980835,0.06406380981206894
-0.5245145915408065,2.449713191167982,85.96156870243959,2.9703187942504883,3.3531899452209473,7.5,-0.010263705626130104
-3.725623611075437,2.954870375475573,99.73491967614099,2.898434638977051,2.698770046234131,7.769369125366211,-3.1388397216796875
