-45.69538841900783,2.731497517214123,115.99164011930571,1.4513683319091797,1.7617000341415405,1.8852322101593018,-2.7479333877563477
-45.69538841900783,2.731497517214123,115.99164011930571,1.4513683319091797,1.7617000341415405,1.8852322101593018,-2.7479333877563477
-0.5827121342534265,1.7127369121101792,27.52822374553505,1.668039321899414,0.6231534481048584,0.6000000238418579,0.7925973534584045
-0.20934271209376576,1.7123720993119511,28.411041006437,1.7129096984863281,0.6450036764144897,0.6000000238418579,0.7905048727989197
2.993839856671017,1.721227755769402,21.478574687783038,1.6377811431884766,0.7464670538902283,0.6551477909088135,-2.6903750896453857
-11.735360364193689,2.164321132227986,41.93159842775562,1.69818115234375,1.7526081800460815,4.03000020980835,0.3707043528556824
-9.09390331497857,2.072952598947081,34.65951818175077,1.4234066009521484,1.7400000095367432,4.03000020980835,0.3624565303325653
-18.704473110674243,2.2288376678091666,43.292271440353595,1.6651668548583984,1.8237135410308838,4.308775901794434,-2.7817108631134033
-23.412262394770906,2.4194832629177565,73.61936963042874,1.7148876190185547,2.0423789024353027,4.03000020980835,0.3624354302883148
-18.704473110674243,2.2288376678091666,43.292271440353595,1.6651668548583984,1.8237135410308838,4.308775901794434,-2.7817108631134033
14.253992144886183,1.7698049826831932,29.056661811079255,1.409999966621399,1.7400000095367432,4.03000020980835,2.1990466117858887
-21.339462845819114,2.390940217180214,67.8123303543818,1.4584121704101562,1.7489420175552368,4.417762756347656,0.37058180570602417
