10.18852721613279,1.5581343332519837,59.556705294915304,1.3145618438720703,0.6217024326324463,1.6240928173065186,-0.3468111753463745
7.9847861047841375,1.6486794841442074,50.94212045058886,1.802774429321289,0.7242252826690674,0.6000000238418579,3.0865261554718018
8.376120936272446,1.665879390170627,30.65654983490581,1.6828861236572266,0.8746742010116577,0.6000000238418579,-3.1326217651367188
-10.27235962092959,1.6298697516884304,77.45304508459999,1.6873703002929688,0.7401385307312012,0.6000000238418579,-3.1398773193359375
3.958026582198932,1.8044887034963921,8.396723264770857,1.7374324798583984,1.7795668840408325,4.936191558837891,0.01739073544740677
1.6804628205503505,1.7140058386067736,25.551463539181384,1.5583114624023438,1.823025107383728,4.03000020980835,-0.13086919486522675
-1.043283639988689,1.5583977084098648,83.12570424223311,1.7152042388916016,1.7400000095367432,4.03000020980835,0.0028764838352799416
-0.40553449697850125,1.728112516185954,9.91481143512364,1.6714248657226562,1.7481591701507568,4.03000020980835,0.007848567329347134
11.5300535883867,1.5294901191490302,56.94164327087577,1.7285785675048828,1.8380215167999268,4.03000020980835,-0.6356037855148315
-4.144131165426466,1.8239769630693439,15.430778986905967,1.8017120361328125,1.9027352333068848,5.160251617431641,3.1276638507843018
10.27691287809687,1.49078031755904,99.36312281754526,1.9162330627441406,0.7988470792770386,1.0786999464035034,-3.068706512451172
8.388809122391896,1.6746172831831465,59.35210632111126,1.646780014038086,0.7843209505081177,0.6000000238418579,2.384193181991577
7.518155387273933,1.693078080538301,59.595341036650005,1.810354232788086,0.7997415065765381,0.6000000238418579,2.48116135597229
