-34.58149557964389,2.3507509310517314,81.34689484870734,1.9850273132324219,0.6000000238418579,0.8473256826400757,-1.3414510488510132
-7.19540814815287,1.8416437170617106,50.6355433493046,1.5445213317871094,1.8916034698486328,4.03000020980835,-3.0906195640563965
8.420017420659994,1.1417320660992891,82.38229035180508,1.4562835693359375,1.7898316383361816,4.311873435974121,1.5242584943771362
-4.694557839892161,1.4883288549928053,102.07591918897461,1.409999966621399,2.215015411376953,4.03000020980835,-3.1211907863616943
-25.572813451305507,2.3271379401375256,70.46718291878055,1.7836589813232422,1.7400000095367432,4.516862392425537,-1.3545066118240356
-8.14984731552927,1.6442357992616408,117.14533947651168,1.942007064819336,2.3199100494384766,4.03000020980835,-3.1286702156066895
-34.58149557964389,2.3507509310517314,81.34689484870734,1.9850273132324219,0.6000000238418579,0.8473256826400757,-1.3414510488510132
-7.228311247217425,1.9638678799237466,19.771536859093764,1.4663352966308594,1.9878959655761719,4.566633224487305,-3.117830276489258
-7.217024544757463,1.974387411365062,27.80831408774673,1.8462562561035156,1.984327793121338,4.684601783752441,3.0986883640289307
2.0592585536952477,1.3147867648426963,100.92416212609126,1.4514598846435547,1.7400000095367432,4.03000020980835,0.034884974360466
-7.782968202381344,1.6241676426655318,110.01489344592508,1.409999966621399,2.102050542831421,4.03000020980835,-3.1317944526672363
3.278917202349779,1.6617075134822965,-1.025448801805465,1.6661624908447266,1.7400000095367432,4.610250473022461,0.015020721592009068
-1.5477342069014774,1.4423586181951789,67.54797419821865,1.4780311584472656,2.231839656829834,4.667656898498535,0.03010295331478119
-7.228311247217425,1.9638678799237466,19.771536859093764,1.4663352966308594,1.9878959655761719,4.566633224487305,-3.117830276489258
-8.525485798975424,1.5174068960765368,142.18724326683588,1.409999966621399,1.7400000095367432,4.03000020980835,-3.107142210006714
2.695396061514553,1.6488215284866197,37.07745890054465,2.515700101852417,2.0676774978637695,4.431400299072266,0.0027513992972671986
1.0095897504310827,1.3104301097296922,130.041587808234,2.040630340576172,1.7400000095367432,4.269658088684082,0.03506453335285187
1.6179010450263132,1.3399453481875714,107.14497832402483,2.008716583251953,1.7400000095367432,4.03000020980835,0.04877296835184097
