-14.749721917397851,2.3658099728154416,102.57092826925263,3.4533910751342773,2.9396963119506836,6.685079574584961,-3.11330246925354
-3.2358820286998684,1.8160367622225546,8.214954394903035,1.4532604217529297,1.7710819244384766,4.555303573608398,-0.003001773962751031
11.503053603981252,2.246225926116662,69.9588074898078,2.515700101852417,2.0427985191345215,5.6135663986206055,1.53294837474823
-12.579172768470404,0.8196796345138608,146.41739374349797,2.406343460083008,2.2812254428863525,5.874290466308594,-3.0983731746673584
-4.140019884455325,2.5679475653932764,47.55989593905136,1.9823875427246094,2.0670862197875977,4.196473121643066,0.047066353261470795
-8.402265359747936,2.9163858893315773,62.50997930586357,2.515700101852417,2.089566230773926,5.759716987609863,2.6466591358184814
5.810153630420931,2.589905389770817,62.3053880486439,2.07672119140625,2.151176929473877,5.360901832580566,-0.7923905849456787
-15.132310735665687,1.4109061503812532,133.7914963453388,2.515700101852417,2.6470494270324707,5.599377632141113,-3.0960304737091064
-9.139481564487983,2.8418497069029516,54.9953772403808,2.1061487197875977,2.0645601749420166,5.746135234832764,3.131375789642334
1.030482609781302,1.9982414125199686,101.11876857213224,1.5010414123535156,1.805372714996338,4.03000020980835,0.03105505369603634
-0.45139834361380915,2.2018659465061896,30.03910480327538,2.0610885620117188,2.175808906555176,4.03000020980835,0.019608311355113983
2.2164369315487495,2.340252257109682,38.94323889878912,1.615936279296875,1.914409875869751,4.513617515563965,0.023279577493667603
-9.240787778818301,2.7195917957645213,48.53075861308683,1.6957683563232422,1.8498446941375732,5.101237773895264,-3.137056350708008
-7.746488200718556,2.8354147493058486,70.42596517801881,2.999044418334961,2.5465824604034424,7.5,2.408799886703491
-9.261443877358108,2.569563925277058,40.42332748354469,3.0,2.618008852005005,9.5,-3.1197497844696045
