22.255075284897934,2.530909664459574,69.34138206088275,1.7840156555175781,0.898000955581665,0.6000000238418579,-0.13077974319458008
5.172188864963516,3.161340580652576,88.93990860256577,1.8741340637207031,0.695212721824646,0.6964042782783508,-0.19107688963413239
6.7289780690073515,2.2320918561613614,32.96133837353971,1.409999966621399,1.8774558305740356,4.03000020980835,-0.18450002372264862
3.240024809915418,2.9072412762450273,60.60454720846761,1.5850601196289062,1.7400000095367432,4.03000020980835,2.929962635040283
-1.9871515971545772,2.46271053029428,36.41400897197665,1.6730461120605469,2.0543086528778076,4.1050591468811035,2.947768211364746
4.404977274533799,3.035528462682043,67.02534183758256,1.5184211730957031,1.7400000095367432,4.03000020980835,2.9324119091033936
12.931625485263156,2.6283750615693804,58.90006367517231,2.515700101852417,1.7400000095367432,4.03000020980835,-0.19444771111011505
5.912352461546944,3.1656605605641444,73.960919608639,1.8403587341308594,1.7400000095367432,4.03000020980835,2.928666591644287
1.2956295382741914,2.7060618813724986,51.87606544521837,1.4786663055419922,1.7400000095367432,4.03000020980835,2.960073471069336
11.466972764756145,3.5298791822375986,99.75420718061869,1.7079124450683594,2.034579277038574,4.03000020980835,2.9651989936828613
8.349315053340188,3.3141012495931257,84.10423959230995,1.9092254638671875,1.751793384552002,4.387894630432129,2.947110414505005
19.23876330858785,3.6979490958782915,119.53395634735392,1.409999966621399,2.157080888748169,5.436317443847656,2.034010887145996
-0.30088141717166283,2.5769633789182502,43.29811116936278,1.5122108459472656,1.7400000095367432,4.03000020980835,2.971930503845215
