3.187414176944061,1.522963265223005,66.3541752166802,1.7514114379882812,0.6000000238418579,0.6409482359886169,1.5679681301116943
-19.98509714417617,2.1911645190039963,58.08776565703991,1.9264087677001953,0.7118947505950928,0.9572200775146484,-1.364607334136963
-25.007968837852587,2.380895716441883,66.45026923998591,1.8361225128173828,1.7400000095367432,4.77138614654541,-1.3556734323501587
10.744060826840196,0.6553432629879561,127.88174607840165,1.9283733367919922,1.7400000095367432,4.284438133239746,-2.1209914684295654
-9.442104841697901,1.408351213374094,101.26262253219039,1.607992172241211,1.8696696758270264,5.261081695556641,-3.125495433807373
-12.46826158257029,1.7594686850308636,78.01830444046426,1.4731903076171875,2.0514345169067383,5.219052791595459,3.11631178855896
-18.987800336766362,2.230911531301545,64.02734036052298,1.5868854522705078,2.0630531311035156,5.100528717041016,-1.6442365646362305
24.07103746369258,0.11130064764483238,127.24897431752191,1.9257316589355469,1.7400000095367432,4.03000020980835,-2.100233554840088
16.364499966831005,0.565095510455103,121.79271143871959,2.515700101852417,1.7400000095367432,4.376463890075684,-2.133411169052124
0.4409921304153671,1.6614162618136161,47.906526365548565,1.8901691436767578,2.019946336746216,4.5741424560546875,0.36607569456100464
40.26222400010182,-0.3842528821578224,106.69786028943669,1.9540023803710938,1.7400000095367432,4.03000020980835,-2.117327928543091
-19.28225677208928,1.9177570598252012,99.15407811726962,1.760213851928711,1.7400000095367432,4.03000020980835,3.1274571418762207
29.666407124960873,0.0651896101807381,113.94529049695036,1.807870864868164,1.8315093517303467,4.571380615234375,-2.1130568981170654
-19.33546590866374,1.9851199925655867,94.30291496721166,1.917074203491211,1.972567081451416,4.372098445892334,3.1270368099212646
