-40.56823026508844,2.0638679049002286,109.10716014203778,3.3285274505615234,3.1547937393188477,10.757049560546875,-2.886420726776123
-16.36531997473042,1.936687216221289,83.20459904060652,2.0250000953674316,0.6000000238418579,1.4053795337677002,1.8114118576049805
-45.64701711374707,1.9983284508886276,110.50777639925565,1.9701728820800781,1.243499994277954,0.6570738554000854,0.26388782262802124
-8.690070635222817,1.7745824791370377,56.65420739896935,1.7989301681518555,0.7445298433303833,0.8805056810379028,1.7889068126678467
-13.468855099995283,1.8208277172761314,73.68130091597808,1.8349637985229492,0.8805177211761475,0.7338657379150391,0.2662663459777832
-39.02207690280117,2.1809546731485314,90.70014575989305,1.5967121124267578,0.9694467782974243,0.6623005867004395,-2.8146250247955322
-10.244377619238506,1.7424033608494591,63.363612907984646,2.119175910949707,0.9388285875320435,1.0065534114837646,-2.9290881156921387
-22.976602573609867,1.6499460511573387,107.78058127149426,1.9931440353393555,1.0088286399841309,0.6756992340087891,-2.860386371612549
-4.679296321893421,1.7141676977604847,43.71139288239766,1.909529685974121,0.8042050004005432,0.6380057334899902,0.2682751715183258
-13.468855099995283,1.8208277172761314,73.68130091597808,1.8349637985229492,0.8805177211761475,0.7338657379150391,0.2662663459777832
-21.311319892556686,1.7430790600801327,102.20844272467225,2.060131072998047,1.1403961181640625,0.6360177397727966,0.2125452607870102
-25.57360089727633,1.8700576150870711,106.38764423813248,2.515700101852417,1.921573281288147,4.03000020980835,0.26738670468330383
-35.054887265525046,1.926451451463815,102.69053835393886,2.077871322631836,2.1361989974975586,5.767441749572754,-2.8797731399536133
-11.16079264343757,2.0172365304496247,-0.28116325888053484,3.0,2.757483720779419,12.289819717407227,3.127525568008423
-40.85843872333088,1.8506599959543886,125.5083182125659,1.7457799911499023,2.0745325088500977,5.084798336029053,-2.8696465492248535
-29.152015410778084,1.8316300149038138,105.3505430820738,3.114781379699707,2.7359418869018555,9.5,0.2526358366012573
-31.292762302908308,1.9824854000191978,88.59794903971559,1.7313041687011719,2.289285182952881,4.465879440307617,-2.8707284927368164
-38.18047612959887,1.8795765452201074,115.39775398465046,1.7411527633666992,1.7400000095367432,4.30903959274292,-2.8496921062469482
-40.85843872333088,1.8506599959543886,125.5083182125659,1.7457799911499023,2.0745325088500977,5.084798336029053,-2.8696465492248535
-29.152015410778084,1.8316300149038138,105.3505430820738,3.114781379699707,2.7359418869018555,9.5,0.2526358366012573
