10.450659029107143,1.6191513768717902,100.42143295613445,2.672128677368164,2.9275879859924316,5.980373382568359,-0.03449848294258118
-9.93462258149459,1.952067395892327,38.98817784591524,2.1345999240875244,0.9702025651931763,0.8734821677207947,-0.1301281899213791
-11.46812755645834,1.9261786510066257,39.913304313419154,1.8993415832519531,0.6811977624893188,0.7706193923950195,3.0672714710235596
-4.822499431688688,1.8900510371616992,29.291300634855112,1.4778289794921875,1.9675612449645996,5.197880744934082,3.090122699737549
4.4775160836330725,1.7316418426036788,7.3482387553345845,1.704385757446289,2.063467025756836,4.853575706481934,-2.175363779067993
15.040189203857402,1.5898398016291653,63.18159818591431,2.027566909790039,1.7400000095367432,4.03000020980835,1.5159897804260254
2.937754369575227,1.792798012500441,34.85422560459004,1.4167747497558594,1.7462868690490723,4.778115272521973,-0.009525259025394917
9.42243907117307,1.734699932323065,72.46934605736858,1.9256343841552734,2.122995376586914,4.745574951171875,-0.029806116595864296
-0.8605212550460208,1.7706514909185271,17.096092507172123,1.7874298095703125,1.8809781074523926,4.060430526733398,-2.9470152854919434
-13.354721783914954,1.670485968318558,64.56018494933403,1.409999966621399,1.7400000095367432,4.03000020980835,1.539597749710083
