16.487803823338105,1.9896409249520222,61.237946149806476,3.0387134552001953,2.7010931968688965,7.332143783569336,-0.06422528624534607
-9.066454849753844,2.2592294214687554,99.42443933978761,2.0754871368408203,2.5471863746643066,4.907176494598389,3.0500478744506836
-3.0905300120668233,1.8893076064999768,50.194945000573966,1.4845752716064453,2.554091215133667,5.581727027893066,3.0775387287139893
-7.7913051252995285,2.0005926675889083,29.63244817203979,1.7004528045654297,2.08957839012146,5.536552429199219,3.099416971206665
12.516375809351974,1.7903886331768062,116.09569315090965,1.6592426300048828,1.7738380432128906,5.702462673187256,-0.1380268782377243
6.965619817056565,1.7650493047963396,141.49985814238002,1.4606094360351562,2.3646585941314697,4.66449499130249,2.974968194961548
15.069259585720728,1.9315590208671454,36.75370402905363,1.8678398132324219,2.128788948059082,5.13841438293457,-0.034531597048044205
15.419593542782273,1.7787771854039924,136.77818957518548,1.9027996063232422,1.8285300731658936,4.852626323699951,-0.1314784586429596
20.670866130621043,2.012719621642777,105.13159592844487,2.0143890380859375,1.9144158363342285,4.135195255279541,-0.1426045298576355
8.941226079021677,1.8345349862951474,54.678640932399496,2.2998085021972656,2.3920536041259766,6.020796775817871,-0.05510134622454643
3.588218099084177,1.8346292329247216,116.2003224944062,1.8036880493164062,2.37636137008667,5.700100421905518,3.0297021865844727
0.038698239323363914,1.9402320178636576,136.8237896190986,2.1889572143554688,2.5778396129608154,5.1051740646362305,2.9562950134277344
-9.83116462277489,2.245876549264487,89.60285266684124,1.7714080810546875,1.9705185890197754,4.370965957641602,3.0023269653320312
-4.388488202680807,1.8824308627313227,25.038230457428938,1.748281478881836,1.965928316116333,5.625120162963867,3.108038902282715
15.48614729895989,1.9274042494920165,45.42761903717764,1.409999966621399,1.7400000095367432,4.03000020980835,-0.08486086130142212
-3.0905300120668233,1.8893076064999768,50.194945000573966,1.4845752716064453,2.554091215133667,5.581727027893066,3.0775387287139893
3.356597249190973,1.848268640036858,131.12615722227898,1.4677200317382812,2.8341403007507324,5.1475510597229,2.9524197578430176
12.774938490592831,1.8874312988870363,54.924505150338035,1.8733386993408203,2.3085007667541504,5.761260509490967,-0.07299576699733734
