1.7457931308876313,1.6509451658436611,11.254398404154692,3.0,2.6577630043029785,9.5,-0.03766806051135063
1.8907093689504928,1.177581873779297,115.89676208247793,3.1333112716674805,3.3302035331726074,12.416667938232422,0.05345185846090317
-6.106830705226491,1.472949460806788,99.98360604573688,3.135451316833496,3.965527296066284,12.529714584350586,3.021306276321411
0.2791495235857411,1.3594405233987432,78.6416042762321,1.7037544250488281,1.943800687789917,4.03000020980835,2.313948631286621
-1.690299929496223,1.5791489041532478,27.727945578955545,1.5180931091308594,1.743669033050537,4.439084529876709,-0.062499988824129105
2.1339693022962782,1.4654852149722069,51.93098532831496,1.4417877197265625,2.070054531097412,4.03000020980835,-0.04301155358552933
-1.8794921615839093,1.524218580209998,41.16353563882123,1.7899150848388672,2.0763931274414062,4.03000020980835,-0.03903017193078995
-2.7837020868757887,1.6758095793084058,15.15613945107329,1.8181304931640625,1.7773845195770264,4.287264347076416,-0.044841233640909195
-0.81358216456249,1.4731075368378022,61.17867150117234,1.4161911010742188,1.9140022993087769,4.149456024169922,-0.039595525711774826
1.7457931308876313,1.6509451658436611,11.254398404154692,3.0,2.6577630043029785,9.5,-0.03766806051135063
