15.852457605961968,2.155847371559097,67.76744306472449,1.7438545227050781,1.9568655490875244,4.7359619140625,-3.129326581954956
17.852246719810452,2.772871525980676,113.3430215741609,1.7668075561523438,2.20788311958313,4.03000020980835,0.040953923016786575
5.405397349715659,2.3113608144438977,50.418992950475726,2.515700101852417,2.0356385707855225,4.909186840057373,0.8575665950775146
-13.500323915056061,3.1987120555128925,77.30650891892823,1.5334491729736328,2.665339946746826,5.466095447540283,-3.119264841079712
22.252182940812823,2.0540738247451644,61.61624901762785,2.310222625732422,2.1058435440063477,4.903792381286621,-1.2172164916992188
15.785468355223925,2.278226710253688,73.98393443325939,1.6496849060058594,1.7400000095367432,4.0873942375183105,-3.1251487731933594
15.85099967371887,2.3353344015016804,79.3668922038304,1.8187065124511719,1.7400000095367432,4.461361408233643,-3.13716983795166
22.252182940812823,2.0540738247451644,61.61624901762785,2.310222625732422,2.1058435440063477,4.903792381286621,-1.2172164916992188
-43.841977236392054,2.8921556352437534,2.0902340994897988,1.5019950866699219,2.427152633666992,4.603078842163086,-1.0781973600387573
-8.427803322514773,2.1933870545935648,26.79490926055204,3.8131027221679688,3.259999990463257,7.638110160827637,-0.6654984354972839
-8.427803322514773,2.1933870545935648,26.79490926055204,3.8131027221679688,3.259999990463257,7.638110160827637,-0.6654984354972839
