-4.453780948778213,1.412392071443608,45.124459819997455,1.4528017044067383,0.9748514890670776,1.5,0.0038883837405592203
-4.4028161881769465,1.4102668972237815,45.40247048015256,1.9794464111328125,0.9723106622695923,1.2543774843215942,-0.007923020049929619
-7.381545361576793,1.445188741486234,16.287126165331426,1.8845224380493164,0.9421872496604919,0.6000000238418579,0.027591438964009285
-7.4166413940539355,1.4515578309149122,127.77679458021419,1.5,0.6000000238418579,0.7827445864677429,-1.9316624402999878
-3.2453258203120225,1.5941063811563294,126.55678039875383,1.5,0.6000000238418579,0.9132505059242249,-1.941140055656433
-8.633948892093427,1.1982773417492405,68.9565204323918,2.1345999240875244,1.243499994277954,1.0642375946044922,0.020497474819421768
3.790101305722911,1.7027148793366884,16.016144795456643,1.7098922729492188,1.7400000095367432,4.03000020980835,0.011304664425551891
3.9056256683292414,1.4791502444146682,53.99996518132951,1.409999966621399,1.7763001918792725,4.03000020980835,-0.01615777052938938
4.03858967150149,1.5078179933502847,65.75740761294094,2.4600696563720703,1.8794028759002686,4.03000020980835,0.0008671528194099665
-0.35229491100226895,1.3659411851160908,67.42245708198494,2.009462356567383,1.9334971904754639,4.03000020980835,0.016290364786982536
3.971259804184707,1.5980944717108605,36.79903665283165,1.4710073471069336,1.7400000095367432,4.03000020980835,0.004865060560405254
3.90171785208918,1.793396248160087,5.192564420387764,1.5184669494628906,1.7400000095367432,4.03000020980835,0.015079707838594913
4.096303377687606,1.6794702727951123,21.857579067232454,1.9117670059204102,2.0469729900360107,4.710634231567383,-0.0011634965194389224
3.932465936994937,1.6642540059338788,29.98857837164405,1.4760026931762695,1.7400000095367432,4.10240364074707,-0.01051800325512886
