13.001546915518196,1.2793886432027568,43.29898325941411,1.5239543914794922,1.7400000095367432,4.03000020980835,1.5222909450531006
-20.029666055691205,1.3610149778321903,98.12695023890782,1.409999966621399,1.881964921951294,4.547424793243408,2.680964231491089
8.68992755336992,1.292603756468342,40.416608326390914,1.409999966621399,1.7400000095367432,4.323997974395752,1.4825081825256348
-15.238326038456483,1.2286111161974533,108.0769024888932,2.50042724609375,1.9886929988861084,5.713831901550293,2.6992344856262207
2.243840347062734,1.63416172971848,11.681051122830901,1.4852352142333984,1.7400000095367432,4.03000020980835,0.14712418615818024
-0.8871938132548337,1.7015316691338822,8.793316211412625,1.5003490447998047,1.8328003883361816,4.03000020980835,0.07232256233692169
-26.36853687767648,1.5785774380719495,83.43349789866052,1.4366035461425781,1.9076640605926514,4.249231338500977,2.7928874492645264
-27.32687810471462,1.615820378218153,90.68524451711852,1.825307846069336,1.7400000095367432,4.03000020980835,2.705564022064209
-23.38958791803707,1.4499508205982945,90.15631042774034,1.624114990234375,1.7400000095367432,4.263419151306152,2.7208099365234375
-32.71636085194857,1.8533387716062393,77.29217902112795,1.409999966621399,1.7400000095367432,4.03000020980835,2.8305094242095947
-29.643052490783102,1.716093408521691,73.32458691465986,4.105356216430664,3.263400077819824,10.170000076293945,2.881333589553833
