-10.988023135553739,1.8379494407197479,49.87388362985085,2.1300792694091797,0.6000000238418579,0.6000000238418579,-1.7085844278335571
-11.139149479080071,1.8069933582824027,27.799992999060315,1.7602310180664062,0.8066729307174683,0.6000000238418579,-2.97102952003479
-6.3757230936299285,1.9617978599627632,72.57791133253599,1.6749858856201172,0.7854384183883667,0.6000000238418579,1.5623724460601807
-8.039277620378071,1.887758993408037,61.49225185868051,1.8523845672607422,0.6145808696746826,0.6000000238418579,0.13835246860980988
10.80675886512308,1.4417629646401775,51.92256087325984,1.8626079559326172,1.0109870433807373,0.6000000238418579,3.1022396087646484
12.794694091372476,1.5121000830475941,73.27689457465301,1.6420516967773438,0.6764906048774719,0.9845018982887268,3.108368396759033
4.184946521133692,1.6931064477065452,28.688497719615633,1.409999966621399,1.7400000095367432,4.03000020980835,0.0005365610122680664
-10.379448566902768,1.8287084144116483,49.14361234962887,1.8850250244140625,0.6623711585998535,0.6000000238418579,-0.32225969433784485
6.436799884831848,1.5948673323923068,44.617865395354634,1.72979736328125,1.015106439590454,0.9378402829170227,0.16626113653182983
-8.606870295642933,1.7796104939740303,49.37176958965913,2.0797176361083984,0.6000000238418579,0.6000000238418579,3.0886921882629395
-5.526916739206538,1.8772923745854793,24.591305112842186,1.4221305847167969,1.7400000095367432,4.052375793457031,3.1053221225738525
-5.698656653580911,1.866222494681049,17.603573336688648,1.409999966621399,1.7400000095367432,4.581264972686768,3.1102256774902344
1.8780560890910956,1.7896461614558303,55.19961128366623,1.454324722290039,1.7400000095367432,4.03000020980835,-0.03982977569103241
-0.2528844016921882,1.8376128483030096,109.125040569747,1.409999966621399,2.3373422622680664,4.401346206665039,-3.105865001678467
-0.2439224206619512,1.7314470807734166,22.31623319609125,1.4545135498046875,1.8714377880096436,4.03000020980835,-0.02126476541161537
1.8780560890910956,1.7896461614558303,55.19961128366623,1.454324722290039,1.7400000095367432,4.03000020980835,-0.03982977569103241
3.8166233184747704,1.6862521081125075,11.114837442903,1.409999966621399,1.7400000095367432,4.5235490798950195,-0.02366127446293831
3.3577623056886456,1.838149265656703,93.04473588161731,1.8824596405029297,2.038689136505127,4.200904369354248,-0.03237001970410347
-5.698656653580911,1.866222494681049,17.603573336688648,1.409999966621399,1.7400000095367432,4.581264972686768,3.1102256774902344
3.8166233184747704,1.6862521081125075,11.114837442903,1.409999966621399,1.7400000095367432,4.5235490798950195,-0.02366127446293831
-3.604985632495246,2.0014649908788575,64.93949945810928,1.7881031036376953,2.361818790435791,4.866131782531738,3.0888607501983643
3.3577623056886456,1.838149265656703,93.04473588161731,1.8824596405029297,2.038689136505127,4.200904369354248,-0.03237001970410347
3.144627473570365,1.690220492461903,17.131804888413807,1.5534172058105469,2.9603495597839355,4.03000020980835,0.00011618727148743346
5.316526486364067,1.826978281098639,67.33418694677073,1.409999966621399,1.7400000095367432,4.03000020980835,0.061492517590522766
