-4.9982756563625195,1.4694525339412834,50.45345274475454,3.4349899291992188,3.00063419342041,7.673590660095215,-0.8854674100875854
-13.237731744013912,1.5392120189729908,59.43514374085494,3.7003326416015625,2.531101703643799,9.573546409606934,2.4199671745300293
4.368685129860402,1.4904482908270682,25.845473462286975,1.6077766418457031,0.8878834247589111,0.6000000238418579,3.139341354370117
4.418873161210307,1.459935259436047,31.12798383794202,2.0480613708496094,1.2273907661437988,0.7146650552749634,-3.129277467727661
4.907876709319296,-0.27495179460321917,79.20811478827989,1.9661026000976562,1.243499994277954,0.6730459928512573,0.017253870144486427
-2.4117681183883013,-0.9580388829159552,94.61246703668974,1.409999966621399,1.7400000095367432,4.03000020980835,-3.1207754611968994
8.578368895675224,0.8376355490875795,17.549302348393734,1.9377670288085938,1.8704649209976196,5.367770671844482,-1.5622460842132568
20.412775704698753,-0.15492321160479872,70.01547762137115,2.419342041015625,1.7400000095367432,5.605475425720215,-1.582468867301941
-16.931086428796455,2.112966328518384,44.046075105560455,1.8493690490722656,2.0659310817718506,5.224045753479004,-1.643376350402832
8.490548797697208,0.4405776662952702,41.51119881208131,2.009674072265625,1.7400000095367432,5.644366264343262,-1.5942566394805908
