12.720110059520602,1.0428906637922417,97.26927489122754,4.106500148773193,4.430200099945068,13.980165481567383,2.3804707527160645
-1.1707612478975502,1.3421619874558735,76.07473418386289,4.529900074005127,4.587399959564209,12.911256790161133,2.7818474769592285
0.7876753921736255,1.5745752392505707,13.450660945877775,1.6186628341674805,0.7896713614463806,0.8417059183120728,-1.5249110460281372
4.814642244262819,1.5872549041352606,27.339858215729464,1.7291316986083984,0.7744747996330261,0.7922943830490112,1.5657858848571777
6.613685187022061,1.4910273180109264,32.251120851196845,1.5,0.6724528670310974,0.7054240107536316,3.117288589477539
6.257785622029277,1.5812497205222535,28.341796159936738,1.8127613067626953,0.6048481464385986,0.8624023795127869,-1.5097919702529907
-1.5672157507064832,1.5990608050946846,12.029956096903206,1.685394287109375,0.7515795230865479,0.6000000238418579,-1.6228317022323608
15.942248282636331,1.2159222063793775,81.08844995325484,2.1345999240875244,0.8273701667785645,0.9970579743385315,-2.6408283710479736
-7.817343570993525,0.985649579349718,90.86024862601073,1.7689380645751953,0.6436052322387695,0.7966908812522888,2.387096405029297
-7.093622992239579,1.573046469461067,20.107002227816746,2.347564697265625,2.1428699493408203,5.581161022186279,-1.5462688207626343
8.234207835673724,1.545478957093297,24.50801789299839,1.4131250381469727,2.679154634475708,4.9841413497924805,1.5846717357635498
3.9684192336716584,1.5945381695480694,34.39861798838733,1.7831916809082031,2.27675724029541,4.03000020980835,0.0020524542778730392
