6.597558540257465,3.8585418562450142,111.7120698222995,1.7387142181396484,0.8849653005599976,0.9350618124008179,-1.0262031555175781
-17.12133819394126,4.205634585958254,144.69250950419072,2.1345999240875244,1.243499994277954,0.8811926245689392,-3.003082036972046
-6.222530329087082,3.491664606103509,97.12539053140108,1.7667789459228516,0.602568507194519,1.187648057937622,-1.624622106552124
6.23916573922253,3.0312189044536857,55.354033721971106,1.5177078247070312,1.7400000095367432,5.003829002380371,0.00021913880482316017
-15.558666351470325,2.4661404591623413,51.69395993045338,2.1911239624023438,2.234628677368164,5.395237922668457,3.137707233428955
-15.670257982665046,2.796622902097978,67.0148338178003,1.409999966621399,2.1189141273498535,4.253959655761719,3.1294877529144287
-15.666731959654893,2.3120500366646723,43.622583941515174,1.409999966621399,1.798467755317688,5.375697612762451,-3.1232595443725586
6.1355910424041795,2.3004255319547586,22.984380167879873,1.7081127166748047,1.7400000095367432,4.715545654296875,0.029534192755818367
6.110584411465394,2.4742244573091967,30.33377954053354,1.9994316101074219,1.950080394744873,5.891229629516602,0.043326422572135925
6.023511401671035,3.231784935537884,70.27987047623334,1.9809398651123047,2.235079526901245,5.347052097320557,-0.0014366258401423693
6.242491970720594,2.8495580473099498,48.6199973439791,1.6518192291259766,1.7400000095367432,4.394170761108398,0.019571561366319656
-15.679792425806097,2.181155145491793,37.43002743440611,1.593414306640625,1.7400000095367432,4.546561241149902,-3.1190221309661865
6.332363779519964,2.7434493741560964,43.157606580165925,1.43450927734375,1.7400000095367432,4.690694808959961,0.01000247523188591
6.113648170109281,2.1396069749476485,16.012549083101057,1.9101066589355469,1.9486550092697144,5.663678169250488,0.029534192755818367
-15.413983100267968,3.0703541408531274,79.31483021889781,3.0,2.836160659790039,9.5,3.1398918628692627
-12.630652807251785,2.4247234072397164,48.599093679727915,3.2812728881835938,2.5018959045410156,3.4145898818969727,3.137707233428955
