-3.1749438780020265,2.0053364900550275,48.46182513138574,3.844514846801758,2.731551170349121,10.796333312988281,-0.02528870292007923
16.05092507166633,1.318148370067974,36.25851512624183,1.2308769226074219,0.7599399089813232,1.5,-0.27999264001846313
-15.749819842686259,2.4479198856399575,56.45244475182467,1.8514690399169922,0.7550156116485596,1.2003560066223145,-1.6223852634429932
0.22430861822163656,1.7795362762948401,14.998596156139968,1.7118415832519531,2.366457223892212,4.03000020980835,-0.009760993532836437
36.84120004215812,1.8241185949402983,134.08607217072787,1.9227180480957031,1.7400000095367432,4.03000020980835,1.329897403717041
-8.979473253799775,2.0931316424109943,44.28709298912365,1.5074195861816406,3.0,5.901228904724121,3.1217353343963623
11.591298706891356,1.6923081947038372,50.13106142673695,1.409999966621399,1.7400000095367432,4.392882347106934,1.2964118719100952
-12.118432528568745,2.6383365899886897,80.09172177415176,1.4260425567626953,2.126483201980591,4.03000020980835,3.121854305267334
36.84120004215812,1.8241185949402983,134.08607217072787,1.9227180480957031,1.7400000095367432,4.03000020980835,1.329897403717041
53.22676628587985,1.0577654779934136,120.8114831546874,1.909048080444336,1.7400000095367432,4.979107856750488,1.321853756904602
18.231073609995065,1.4917298165970374,48.86990090394576,1.4165592193603516,1.7400000095367432,4.725423812866211,1.3046866655349731
18.231073609995065,1.4917298165970374,48.86990090394576,1.4165592193603516,1.7400000095367432,4.725423812866211,1.3046866655349731
11.591298706891356,1.6923081947038372,50.13106142673695,1.409999966621399,1.7400000095367432,4.392882347106934,1.2964118719100952
