4.445527560179809,1.69476948482903,28.67477186971446,3.1871795654296875,2.6689162254333496,6.183101654052734,-0.0031866938807070255
-15.165437580060946,1.2758723142924893,50.13086225773996,1.8304672241210938,0.753154993057251,0.6411075592041016,2.0620415210723877
-4.096252251813373,1.6456302082072418,21.37765004110131,1.8923797607421875,2.1502089500427246,5.577545166015625,-3.1413660049438477
4.1804132541218495,1.6994992453598081,16.003115082861157,1.43341064453125,1.9605164527893066,4.7729668617248535,-0.009829903021454811
-3.717543837913098,1.5293222530790178,51.59194078961774,1.6688308715820312,2.0067434310913086,4.581136703491211,-3.1097047328948975
-7.517464635880647,1.713055890117185,22.038379535852155,1.6070022583007812,1.7962442636489868,4.238833427429199,3.1355466842651367
-5.7257348417698095,1.1220480056420576,141.7558442323918,1.409999966621399,1.7400000095367432,4.4655656814575195,-0.8952850699424744
-7.517464635880647,1.713055890117185,22.038379535852155,1.6070022583007812,1.7962442636489868,4.238833427429199,3.1355466842651367
-3.3127204694844843,1.4144169037761063,80.9323236469346,1.4858474731445312,1.8519586324691772,4.03000020980835,-3.101180076599121
0.16370048233959422,1.544715375275141,45.91416290537174,1.6632537841796875,1.8304600715637207,4.03000020980835,0.018177954480051994
4.378600947563944,1.592055235710889,67.28145338131495,1.5811614990234375,1.781184196472168,4.03000020980835,-0.02069426327943802
0.6861831594432837,1.6357942898057765,18.291201221841305,1.4943695068359375,1.778702735900879,4.03000020980835,0.01538707036525011
-7.546953657715292,1.5575029842669883,58.62258774805327,1.63623046875,2.0965819358825684,4.0554022789001465,-3.124363899230957
4.411175283631896,1.6647914790237552,21.92566444316939,1.6064682006835938,1.7400000095367432,4.03000020980835,0.0018284679390490055
-7.491399824422308,1.5384927257260852,69.32297864986764,1.6080322265625,1.765181541442871,4.03000020980835,-3.1277244091033936
