-1.544914862133992,1.989033464645634,15.357614501213593,1.7302322387695312,0.9095689058303833,0.7802098393440247,2.5560081005096436
2.5076183469347075,2.2424534277634613,31.870243356863185,1.728128433227539,1.8189332485198975,4.03000020980835,2.8653876781463623
17.638133332495144,2.374640169136576,49.802470611145566,1.5003528594970703,1.7400000095367432,4.03000020980835,-0.26432308554649353
7.9338035858775005,2.404513969454369,50.589256877697686,2.515700101852417,1.9880707263946533,5.292539119720459,2.880279541015625
5.801216861295221,2.3610597934591437,43.6691415107125,1.7872848510742188,1.9389991760253906,4.892226219177246,2.8952255249023438
10.439643560575641,2.1722124272605123,26.367502037724744,1.7259368896484375,1.8537503480911255,4.03000020980835,-0.25794124603271484
-1.8747390214850363,2.0492804248578365,18.06267594785629,1.6779041290283203,2.200277328491211,4.676360130310059,2.875666379928589
21.144609817933862,2.4578957254948226,62.29483062148435,1.6423301696777344,2.095500946044922,4.213715553283691,-0.2546527683734894
4.081178607691921,2.327382663833834,37.59914595445537,1.4670677185058594,1.7400000095367432,4.03000020980835,2.8901760578155518
14.559683501370062,2.5470037325674184,74.57161496749295,1.4572582244873047,1.7400000095367432,4.03000020980835,2.873293161392212
16.73883533416443,2.3838024184294144,56.36448274264945,1.7909584045410156,1.968009352684021,4.788489818572998,-0.2281157374382019
16.73883533416443,2.3838024184294144,56.36448274264945,1.7909584045410156,1.968009352684021,4.788489818572998,-0.2281157374382019
10.439643560575641,2.1722124272605123,26.367502037724744,1.7259368896484375,1.8537503480911255,4.03000020980835,-0.25794124603271484
0.5763502435572695,2.1418216117317015,25.18032402698813,1.8018550872802734,1.8036918640136719,4.500384330749512,2.856999158859253
10.986151124190249,2.4621263339503443,62.7660484245265,1.409999966621399,1.7400000095367432,4.03000020980835,2.873656988143921
10.439643560575641,2.1722124272605123,26.367502037724744,1.7259368896484375,1.8537503480911255,4.03000020980835,-0.25794124603271484
12.625798631120306,2.3636497817595785,54.88778996835114,1.589792251586914,2.086325168609619,4.783056259155273,2.8710227012634277
