3.9863533412258527,1.7602057729363263,10.811757503529032,3.0,2.591602325439453,11.450714111328125,-0.018657056614756584
12.39806928485844,2.013587114171809,120.89433406312978,4.22906494140625,4.257597923278809,7.212873458862305,-0.04489712417125702
10.404769654085229,1.8863112690945787,86.36125534362144,2.3819217681884766,2.842050075531006,4.3606438636779785,-0.029855653643608093
-12.926374905395699,2.189896840033822,34.8643958696462,1.6711492538452148,0.85170578956604,0.8220846652984619,-0.05579818785190582
-11.274435113620784,2.133787862926585,32.38677520317039,1.759720802307129,0.8114807605743408,0.6000000238418579,-0.024464046582579613
-11.190178363127385,2.2927608634569445,37.272640891686805,1.8362665176391602,0.969099760055542,0.6372334957122803,3.110872507095337
13.999710151609547,1.6312659529438385,84.87997207202018,1.6892280578613281,0.942202627658844,0.6000000238418579,3.0203566551208496
-6.630127746105645,2.1848978406390867,127.9623908018412,2.040975570678711,1.1956391334533691,0.9425407648086548,-0.006837307941168547
-11.932961246758587,2.14970292538351,33.19783820319596,1.6503591537475586,0.61762535572052,0.6000000238418579,-1.6624432802200317
2.0004701283499684,1.8379730703728077,34.94628440020426,1.716536521911621,2.024026393890381,4.03000020980835,-0.045120421797037125
-3.7113792343379766,2.0045871850524533,36.0227080986987,1.986912727355957,2.275264263153076,5.793578147888184,3.1003222465515137
5.626358211318632,1.8441339174929254,41.89130378445422,1.409999966621399,1.7400000095367432,4.210628509521484,-0.06019555404782295
4.767216612525681,1.8482790525388815,29.0967820672345,1.6402091979980469,1.7400000095367432,4.03000020980835,-0.062207888811826706
9.815387636727372,1.8460083831111724,79.50631196430811,1.4678287506103516,1.8725390434265137,4.03000020980835,-0.04274802282452583
0.9652166064535328,1.7716171358689534,17.47060209540162,1.4527387619018555,1.7915105819702148,4.03000020980835,-0.042761411517858505
