4.0694795707723745,1.878521838362498,39.55933452271783,3.0854034423828125,2.5025086402893066,6.7865753173828125,-0.018690187484025955
-9.488547824516578,1.997764541898995,35.37514929620765,1.6767501831054688,0.6363873481750488,0.6000000238418579,1.5716499090194702
-12.91962429780857,1.8367313844031403,37.42787257697883,1.5,0.7966614961624146,0.6567779779434204,3.1182665824890137
-10.776039818017997,1.933302554251756,34.03587681720067,1.5604248046875,0.7340611219406128,0.6000000238418579,1.617599606513977
-8.917248616518298,2.058169455413308,36.329203326689225,1.7499847412109375,0.8478701710700989,0.7150825262069702,1.2888963222503662
-8.305803096457769,2.0677723642486368,35.67021921047109,2.1345999240875244,0.7676218748092651,0.6310994625091553,2.787238597869873
-11.212306180005214,1.8531388103713984,25.765577238886003,1.9734420776367188,0.7526488304138184,0.6000000238418579,3.1348514556884766
-10.451373712414771,1.940339178776736,35.549780244640786,1.8394775390625,0.6000000238418579,0.6000000238418579,3.1402854919433594
-13.469420890413696,1.8167626375280514,36.280502990570035,1.5,0.6000000238418579,0.6000000238418579,-1.548819899559021
-3.6888569894986705,1.7328549145658279,8.527366245268412,1.4522247314453125,1.7400000095367432,4.864609718322754,3.139772891998291
-4.057169259663001,1.8410227136175625,24.451896223727324,1.80615234375,1.7496119737625122,4.8310546875,-3.1390159130096436
3.9246958566935572,1.7819642113889922,25.296873803117805,1.6490936279296875,1.7400000095367432,4.255745887756348,0.0014313631691038609
4.076025785484852,1.7352953805176135,13.859541460910025,1.6405105590820312,1.7400000095367432,4.299378395080566,0.0220831036567688
4.0588307478552155,1.768374668571275,19.5314286625785,1.435577392578125,1.7400000095367432,4.747004508972168,-0.005924126598984003
-0.24483507357995216,1.723989978592944,10.239358480780647,1.8368606567382812,1.7442190647125244,4.03000020980835,0.09775184839963913
