-3.2292864921193747,0.5791098301872037,116.6117567164572,2.7438278198242188,3.401120185852051,8.747042655944824,3.1361243724823
6.925461982557692,1.5557354851446483,20.304917949617383,2.9418907165527344,2.36641788482666,6.4937028884887695,-0.02984018437564373
-12.369572072272504,0.7664601859853613,109.13747996388862,1.5673351287841797,0.8393051624298096,0.6110133528709412,-0.019280707463622093
14.54361069679318,0.7646237070432627,65.3327252453732,2.1345999240875244,0.9729306697845459,0.6000000238418579,3.061250686645508
-13.737825687324495,1.5908621108803307,34.08593042931631,1.7218742370605469,0.6623958349227905,0.6000000238418579,0.8912492394447327
-12.230866338870404,0.7181506450661271,114.37492853027116,1.608877182006836,0.9610415697097778,0.6000000238418579,0.01813622936606407
12.229114189685108,1.0707840020536503,51.95183110240673,1.6351890563964844,0.7439402341842651,0.6000000238418579,0.07188428938388824
-12.547044869748497,0.8512952132209703,100.86959324436988,1.5,0.7623171210289001,0.6000000238418579,-0.02726648934185505
-5.292571773295989,0.968735170571792,82.40058553404967,1.7811641693115234,0.7252403497695923,1.0115759372711182,-1.623869776725769
5.785091665185616,0.7158832883757023,90.8416665357751,1.409999966621399,1.9415884017944336,4.391226291656494,-0.23976267874240875
-15.790997391950443,1.6980857126204265,37.07362980524719,1.757577896118164,1.8573390245437622,4.616588592529297,-1.7195875644683838
0.4702433586190856,1.5224614710266877,21.83558245891842,1.5440425872802734,2.142735004425049,4.03000020980835,-0.004733046516776085
-7.08843575010954,0.6926121960371462,124.86930685107104,1.409999966621399,2.097781181335449,4.03000020980835,3.1276776790618896
-7.596841912914368,0.978154647321209,95.21719644786808,1.5962581634521484,2.0998177528381348,4.03000020980835,3.1217024326324463
-6.503416079366838,0.8352003644468313,103.5365037894014,1.409999966621399,1.7400000095367432,4.03000020980835,3.091087818145752
6.925461982557692,1.5557354851446483,20.304917949617383,2.9418907165527344,2.36641788482666,6.4937028884887695,-0.02984018437564373
