8.603754482160019,1.7044845571453546,150.24028619839197,3.3454437255859375,3.688053607940674,11.570687294006348,-0.008584980852901936
15.78811387659402,1.5365309522201005,84.6371054401641,1.7811260223388672,1.243499994277954,0.6000000238418579,3.1359360218048096
16.53772559417329,1.508568041800406,61.57326337367781,1.8103275299072266,1.1051329374313354,0.6000000238418579,3.0893325805664062
7.652811095401813,1.9970525780836703,64.50748053334904,1.8466148376464844,2.0408458709716797,4.954893589019775,-0.0018534266855567694
-2.8382438065615374,1.865737104397068,30.61586563457338,1.4663524627685547,2.1333301067352295,4.575922966003418,3.1347265243530273
-0.8041177426962633,1.7632329578268315,110.82520163813324,1.9627704620361328,2.123516082763672,4.03000020980835,3.1396191120147705
-4.348161805900498,1.7443058848741,136.45748513848628,1.8692703247070312,1.7400000095367432,4.03000020980835,3.129819869995117
-17.11476688571456,1.6768592422227222,142.0987980077291,1.619119644165039,1.7400000095367432,4.03000020980835,1.6200644969940186
-3.7034647666122362,1.8061321387547906,3.8868095835996845,1.5331439971923828,2.738602876663208,5.171093940734863,3.1292083263397217
7.652811095401813,1.9970525780836703,64.50748053334904,1.8466148376464844,2.0408458709716797,4.954893589019775,-0.0018534266855567694
-6.22803126348465,1.946251527293669,33.386010862170565,1.6626949310302734,2.207113742828369,4.758433818817139,3.1309590339660645
7.041481818719072,1.9418761663609079,31.749820010869875,1.4262619018554688,1.8316783905029297,4.710306167602539,0.03144923597574234
3.62957951508949,1.84590844393952,28.561984102070717,1.409999966621399,1.7883238792419434,4.527684211730957,0.015257732011377811
-5.5476785730751175,1.8695690796225017,103.21681999394076,1.754720687866211,2.215890645980835,4.03000020980835,-3.125049591064453
-2.0951709989456297,1.9078621134026892,71.038317076877,1.4784870147705078,2.682460308074951,4.284611701965332,-3.1363840103149414
3.8491410028607604,1.8039871430641723,7.538318307143237,1.4790363311767578,1.8341566324234009,4.732461929321289,0.008379639126360416
