-1.2378310185757755,1.8914837121475463,76.14554209712283,3.2158374786376953,2.7501766681671143,4.03000020980835,0.015443303622305393
0.7040502949765717,1.5399777280418034,16.22852881281362,1.7584171295166016,0.8563820123672485,0.8178565502166748,-1.4434986114501953
-9.417540047460292,2.029143819896049,80.06008931065796,1.9715404510498047,0.7565374374389648,0.602402925491333,-3.0511252880096436
-11.312416462664252,2.232455030661015,123.30599039021006,2.1345999240875244,1.132629156112671,1.0926389694213867,-0.003455197438597679
-6.503194417293749,1.85678207807371,46.89829777480605,1.456634521484375,1.7974271774291992,4.497708320617676,-3.1233725547790527
-13.840412428796562,1.56522451910182,34.53425299414154,1.6745681762695312,1.9838485717773438,4.03000020980835,1.5472959280014038
-6.503194417293749,1.85678207807371,46.89829777480605,1.456634521484375,1.7974271774291992,4.497708320617676,-3.1233725547790527
6.704593885003057,1.7040262351545765,72.00650679553996,2.335447311401367,2.1887948513031006,6.224233627319336,1.6558961868286133
-13.840412428796562,1.56522451910182,34.53425299414154,1.6745681762695312,1.9838485717773438,4.03000020980835,1.5472959280014038
-5.757097774091008,1.7050055819980177,14.79234567669969,1.409999966621399,1.7400000095367432,4.4653472900390625,-3.1117191314697266
-6.580168416662069,1.991578851919015,65.44549287893318,1.4728431701660156,1.8000295162200928,4.03000020980835,-3.138087272644043
