-8.777432321985959,2.5058258765599746,87.79327063996418,2.0031070709228516,1.243499994277954,0.7390037775039673,3.0972695350646973
3.756840057143915,2.046726654063624,61.05222639356703,1.6388721466064453,0.834941565990448,0.8446546196937561,-0.039186298847198486
3.697044384890326,1.844922026173966,36.47043650468968,1.6365432739257812,1.1101820468902588,0.6411662101745605,0.026471326127648354
2.889270450195631,1.8641539917906194,34.32116578465342,1.5871944427490234,0.9287927150726318,0.7217807769775391,1.571575403213501
-5.308298216140051,2.6036122409221343,119.03681867045486,2.3165111541748047,2.8193538188934326,4.03000020980835,3.137671947479248
-23.929125687159434,2.6043662964810954,54.56445223185931,1.409999966621399,1.7400000095367432,4.192467212677002,-1.6141270399093628
-5.89517605916908,2.03562104819917,34.00891597674997,1.409999966621399,1.7400000095367432,4.03000020980835,3.1203718185424805
-20.5585294007813,2.4713814870119917,68.02487925246697,1.409999966621399,2.0003821849823,4.03000020980835,-2.478086233139038
-6.339769604920114,2.0741192682669003,39.7509627145666,1.8486671447753906,2.199674129486084,4.044694423675537,3.108751058578491
-5.308298216140051,2.6036122409221343,119.03681867045486,2.3165111541748047,2.8193538188934326,4.03000020980835,3.137671947479248
-26.532777919185946,2.596379972830089,67.47499327573023,1.7901020050048828,2.27290678024292,4.17122220993042,0.5163373351097107
-6.6029807652485335,2.0212400716607397,20.774589877697714,1.409999966621399,1.7400000095367432,4.03000020980835,3.13356614112854
0.044335874753378274,2.0822561227810445,52.72830929619416,1.693349838256836,1.7887027263641357,4.03000020980835,-0.020265284925699234
-6.205969569616926,2.0318780964913925,26.6449729446469,1.6901931762695312,2.0456619262695312,4.565389633178711,3.121549129486084
-6.032614919654607,2.1197902091791985,46.60985967138321,1.6747970581054688,1.7400000095367432,5.470685005187988,3.121356248855591
-5.907197140446705,2.570680488873398,84.23294102412586,1.409999966621399,1.7400000095367432,4.03000020980835,3.135427236557007
-23.53556076147944,2.541213385949466,67.75353531659489,1.409999966621399,1.8100800514221191,4.03000020980835,-2.461193799972534
-5.988876168327797,2.4511128084881517,71.93072956602742,1.409999966621399,2.1197831630706787,4.03000020980835,3.1315932273864746
