4.45052238192792,1.6582835049391962,39.02456296644253,1.1457462310791016,0.5786531567573547,1.5,0.029232200235128403
-10.607129969425541,2.297337037532852,36.70357578400007,1.0867462158203125,0.5,1.5,-3.108675479888916
-10.067836918495896,2.2939648668423853,36.65757560614785,1.075887680053711,0.5099201798439026,1.5,-3.1132047176361084
-4.083399586051042,1.9769285709900162,47.29475649150637,1.856924057006836,0.810218334197998,1.0324000120162964,-2.670241117477417
-4.416321623055322,1.9959651834419185,89.24840900085493,1.5,0.6000000238418579,1.0077612400054932,1.6041278839111328
-5.3212321944495224,2.042326334195333,90.41821722681398,1.9232730865478516,0.8752676248550415,0.9651570320129395,1.6069704294204712
-13.289629983838251,2.4075825469804375,46.675675462060866,1.5,0.6614959239959717,0.7654187679290771,1.6117041110992432
5.560463334385466,1.570684140404345,53.57116049193258,1.8304176330566406,0.9185597896575928,0.6000000238418579,-0.005205072462558746
9.675977363907398,1.3919687697202807,64.33842502442587,1.5,0.6120767593383789,0.6000000238418579,0.010492349043488503
-3.1494362212901805,1.923387114118174,90.12957396162241,1.5774755477905273,0.7786217331886292,1.3450984954833984,1.6007850170135498
-12.943441979896443,2.513690748351772,49.47412163052527,1.5,0.6000000238418579,0.6000000238418579,1.6335629224777222
2.644996297477152,1.8420334990071097,41.697248032339985,1.8709793090820312,1.866265892982483,4.03000020980835,0.002884247340261936
-8.758041005006373,2.3951720713251436,77.54762050920831,2.434870719909668,2.310462474822998,5.408022403717041,-3.1280956268310547
-4.910581894513498,2.0060266200409007,28.334577132192283,1.7990026473999023,2.2154102325439453,4.7006072998046875,-3.128140449523926
0.12266435281395882,1.8769143412180525,53.996318388349984,1.816366195678711,2.151876926422119,4.259028911590576,-0.01474116463214159
2.819320494271787,1.8278181618973042,36.22650161360855,1.409999966621399,1.985276699066162,4.03000020980835,0.016582021489739418
-1.083751739946468,1.8813554414398577,66.04218332672964,1.9563941955566406,1.8254812955856323,5.081221580505371,0.035702869296073914
2.525171270382475,1.8840816492610664,62.441807036725095,1.7527093887329102,1.9508240222930908,4.03000020980835,0.022210130468010902
