-5.398629300572413,2.2166339725047033,58.42759451000138,3.0,2.5,11.516740798950195,-1.9569177627563477
-2.262568749797631,2.029377366485571,54.73703442484465,1.5198516845703125,0.8412522077560425,0.6000000238418579,-0.357930064201355
24.676364918894606,1.907860902962847,65.45971741661361,1.5795745849609375,0.6424835920333862,0.6000000238418579,2.834719657897949
21.64801815005199,1.8601560954529197,76.6237009221588,1.7180500030517578,1.8875917196273804,4.8354597091674805,-0.34077638387680054
11.814904524722712,1.8434965593474708,37.01803376424681,1.664825439453125,1.7400000095367432,4.03000020980835,-0.24250470101833344
-12.889490365168266,1.9182868131389577,25.414972024020145,1.761770248413086,1.7400000095367432,4.03000020980835,1.2289959192276
-10.797578268062903,1.9047566561846643,29.041228491423894,2.0472183227539062,1.8448896408081055,5.736806392669678,-1.848836064338684
21.64801815005199,1.8601560954529197,76.6237009221588,1.7180500030517578,1.8875917196273804,4.8354597091674805,-0.34077638387680054
10.084099581642521,1.960512086738936,64.93445930847729,1.409999966621399,1.7926738262176514,4.544189453125,-1.2649012804031372
-8.812530426261743,1.9354765528920772,33.33528363423415,1.8401813507080078,1.7400000095367432,4.03000020980835,-1.7194157838821411
10.277237889194195,1.7990475296190624,29.978907380012505,1.409999966621399,1.9314228296279907,4.03000020980835,-0.22351787984371185
14.930873274703533,1.9336721848235807,74.94536108996886,1.9095020294189453,2.10910701751709,4.311038017272949,2.8579487800598145
-14.011329541081167,2.172732199406176,66.21135509200401,3.2031612396240234,2.615466356277466,6.810756206512451,-1.9690110683441162
