-11.396167188262906,2.111663807305766,44.32330706669095,1.7550477981567383,0.6056568622589111,0.7873042821884155,-1.5740268230438232
-19.170002247589657,-0.0690487496799066,92.47294424466165,1.409999966621399,1.7400000095367432,4.03000020980835,-1.646927833557129
-24.675525646868287,-0.27813822268475374,74.14148881380218,1.409999966621399,1.9038169384002686,4.252549648284912,-2.0443115234375
-18.642471734325177,0.8429705393155317,100.57499295819365,2.515700101852417,1.7400000095367432,4.03000020980835,1.5428746938705444
-23.78159633452001,-0.20454105779690912,76.57000467706686,1.409999966621399,1.8625235557556152,4.03000020980835,1.0997023582458496
-20.278914844717885,-0.15305626911260806,86.7106734952116,1.7743587493896484,1.809830665588379,5.116899490356445,-1.7086856365203857
-7.626359854735753,3.1106195770222267,133.87642402256876,1.7784957885742188,1.7952958345413208,4.509815216064453,-3.1312224864959717
-5.550990992783072,2.121442891866459,62.91259663315415,1.8712711334228516,2.4733729362487793,5.440305709838867,3.136685609817505
-18.19820269295594,0.9987981248309186,138.7847317159835,1.409999966621399,1.7400000095367432,4.03000020980835,-1.5155154466629028
-16.807649071607333,2.2017832267915534,71.8523624492465,2.126188278198242,2.375192165374756,4.8784332275390625,2.754136085510254
-17.51575213182672,1.1749504634973515,141.4937647145865,1.8067054748535156,1.9497523307800293,4.03000020980835,-1.526795744895935
-8.432459239932676,2.0471085837268856,17.240894483888574,2.244844436645508,2.794004440307617,6.481262683868408,3.139110565185547
-18.7988688467994,-0.169480105185271,95.24185540428293,1.6112689971923828,1.7400000095367432,4.03000020980835,1.5533080101013184
-18.19820269295594,0.9987981248309186,138.7847317159835,1.409999966621399,1.7400000095367432,4.03000020980835,-1.5155154466629028
-12.397005845092103,2.105237924560699,48.871500664214025,1.811014175415039,1.81208074092865,4.223498344421387,-1.31916344165802
-18.977036949407236,0.7025157799861511,113.07720037357558,2.5047130584716797,1.7400000095367432,4.03000020980835,-1.5552698373794556
-7.714854343315946,2.9287901945004062,118.75663105642535,1.697331428527832,1.997408390045166,4.751034259796143,3.1237425804138184
-18.3840718687938,-0.04739283913984993,97.91936397045227,2.515700101852417,1.7400000095367432,4.03000020980835,1.5309221744537354
-1.5518030109746195,2.281116741449261,92.55797807712922,1.6300439834594727,2.0000157356262207,4.03000020980835,0.0026337248273193836
-19.328326073660715,-0.15508285563762159,89.88781018340528,1.409999966621399,1.7400000095367432,4.03000020980835,-1.6412147283554077
-23.124009132489668,-0.10244795952315155,78.987012252523,1.409999966621399,1.8659485578536987,4.03000020980835,-2.0294156074523926
-20.83839093687431,-0.11364431498223859,83.67784149550974,1.600656509399414,1.826878547668457,4.449558734893799,-1.9473936557769775
