6.447590111121237,0.979073123113513,59.683926120653716,1.0,1.1354000568389893,1.5,2.793753147125244
6.328423981072692,0.9989722415193529,59.860347583977855,1.9598712921142578,1.1155139207839966,1.0324000120162964,2.77895450592041
3.8751148933639414,0.6175645260759896,143.0242969162936,4.755852699279785,4.403598785400391,11.963794708251953,0.008101526647806168
7.069076273350211,1.173129580524306,38.2470295796956,1.787649154663086,0.9628511667251587,0.6923553347587585,-0.31589093804359436
5.71165007679976,0.9437760380064961,62.075541265660384,1.8587665557861328,1.243499994277954,0.6000000238418579,2.8319358825683594
2.7240927859703494,1.6581155298121442,6.882960769592623,1.414536476135254,1.7842779159545898,4.03000020980835,0.0023320200853049755
7.573672811458471,1.277077141117429,35.5178420428759,2.1345999240875244,0.8520000576972961,1.4164999723434448,-1.805853009223938
2.7240927859703494,1.6581155298121442,6.882960769592623,1.414536476135254,1.7842779159545898,4.03000020980835,0.0023320200853049755
-0.36440566166361965,1.628813757764382,10.108715914580634,1.806746482849121,2.0212299823760986,4.03000020980835,0.02601044625043869
-3.8873740320114165,1.6208560086096142,16.755024858078002,1.409999966621399,2.0621275901794434,4.03000020980835,0.010341748595237732
-19.722193807096435,1.7442869991615302,75.72083590398734,1.5755157470703125,2.2880914211273193,4.177081108093262,-3.128607988357544
-11.29958581012588,1.5099624567202694,58.5089806459635,1.4847803115844727,1.7400000095367432,5.259294509887695,1.3035484552383423
-11.049837035297362,1.6487992162880833,30.841105424943613,3.1276960372924805,2.722412109375,9.5,-0.0005680109024979174
