-7.133928205055131,2.276902221875467,58.329992895082576,3.097039222717285,3.312042474746704,11.425291061401367,3.1397600173950195
-11.64937312880361,2.100566072030815,58.41629970389561,1.6584548950195312,0.800999641418457,0.7898223400115967,0.04659426584839821
-1.5128009471380262,1.9093381576223452,31.15196584323192,1.6831483840942383,0.9020988941192627,0.6000000238418579,-2.135653018951416
-11.036150217579026,1.936212754634295,29.66230837729894,1.6416597366333008,0.6000000238418579,0.6000000238418579,3.13279390335083
-10.419867928425518,1.913723292733777,27.023206878885595,1.8003206253051758,0.7058796882629395,0.6422755718231201,3.074875831604004
-11.509982909970486,2.0436992153480187,48.02279504468853,1.7457332611083984,0.6000000238418579,0.6168798208236694,-1.4861478805541992
-10.747110287947018,1.979014034287125,32.853339195854865,1.6065454483032227,0.7361500859260559,0.6000000238418579,-3.1269543170928955
0.3079259229530125,1.7072379627903362,6.584004528169423,2.1345999240875244,0.6360310316085815,0.8110368251800537,-2.2798728942871094
-2.1506520058459326,1.9363042520361367,35.25664728920072,2.082463264465332,0.9451477527618408,0.88068026304245,-2.0817346572875977
-10.758516070630321,1.9127415679633457,25.217927909765336,1.8433103561401367,0.6802520155906677,0.6416091918945312,-3.1345736980438232
-11.928617844042718,1.9624260259678064,40.39123925225243,2.0752363204956055,0.6000000238418579,0.6000000238418579,0.023790208622813225
3.0704509748814286,1.6413285702057343,9.69355029165885,1.810983657836914,0.7442190647125244,0.7249218225479126,-1.3001573085784912
-11.585424352089275,3.172923136684402,140.07855805539006,1.561995506286621,1.222157597541809,0.6000000238418579,-3.021773338317871
-11.84575383405764,2.0262597482639695,46.402357884686204,1.9082059860229492,0.6977877020835876,0.6399255990982056,-1.5334230661392212
8.277903814277854,1.6151967736329733,43.73313202704308,1.9298763275146484,0.8296880722045898,0.6149162650108337,0.030976446345448494
