-4.89760083695954,1.6361987707307684,58.7179295533671,3.3285274505615234,3.1547937393188477,10.757049560546875,3.0346665382385254
9.543600325907308,1.439676985937449,43.17506084616867,1.060685157775879,0.6084973812103271,2.132681369781494,1.2346491813659668
9.750751840007847,1.4269806025971548,42.95472618595737,2.0250000953674316,0.6000000238418579,1.4053795337677002,1.2221988439559937
-10.403162939059339,1.917405145522519,52.2019408901725,1.9941797256469727,0.9085504412651062,0.6000000238418579,3.0410478115081787
10.022731425614415,1.34344200671531,35.15769034588671,1.8349637985229492,0.8805177211761475,0.7338657379150391,-0.0958324521780014
12.291972306282542,0.9897430835351471,71.5348396382472,1.5,0.6000000238418579,0.6000000238418579,1.477005958557129
-9.163984938343,1.88730482233077,52.03081196289403,1.5967121124267578,0.9694467782974243,0.6623005867004395,3.042386293411255
13.006310398722853,0.9506661860604355,67.74081605746548,1.9931440353393555,1.0088286399841309,0.6756992340087891,3.054718255996704
12.43507078025203,1.3768537132074514,49.4865741587047,1.7783384323120117,0.6166917085647583,0.611958920955658,-0.08231408149003983
11.234600430796865,1.308707008379074,36.14868523045459,1.5831069946289062,0.7413437366485596,0.7846790552139282,-1.598101019859314
15.852241852824465,0.7438606920324689,90.00638503522671,2.097151756286621,0.8428329229354858,0.6776727437973022,3.038290500640869
14.03617150618208,0.9070567823105962,69.95765588241255,2.060131072998047,1.1403961181640625,0.6360177397727966,-0.11422019451856613
10.130328902740075,1.203793182949215,67.62498105963031,2.515700101852417,1.921573281288147,4.03000020980835,-0.09049005061388016
-3.659836215012374,1.6470156061346186,33.98657733356339,2.077871322631836,2.1361989974975586,5.767441749572754,3.0061378479003906
12.686059152686097,0.9578845311148023,92.85160575131482,1.5126943588256836,1.7400000095367432,4.03000020980835,-0.09292348474264145
-0.039699707231438064,1.3710910137165766,67.59920259052046,1.7457799911499023,2.0745325088500977,5.084798336029053,3.05163836479187
16.012898835619804,0.4901488542156347,138.2875067056324,1.409999966621399,1.7400000095367432,4.03000020980835,-0.10516567528247833
-7.464943703292875,1.852424533162219,18.933846199857477,1.7313041687011719,2.289285182952881,4.465879440307617,2.9444656372070312
-1.9724877407084764,1.5581610501468703,49.91532213261312,1.7411527633666992,1.7400000095367432,4.30903959274292,3.007997989654541
2.014472581742394,1.2135431761791948,82.11503813882996,1.6118488311767578,1.8693995475769043,4.277619361877441,3.0628466606140137
5.202792718486809,1.0480250245484972,90.3104036438225,1.690155029296875,2.2797417640686035,4.03000020980835,3.051002025604248
11.17356717370759,0.7737445550043747,116.42893547025423,3.114781379699707,2.7359418869018555,9.5,-0.10946294665336609
