7.613085259287498,1.6109342233248007,28.96342546490517,1.88446044921875,0.9405393600463867,0.7042536735534668,0.028380734845995903
-7.633681827584213,1.7078720217640462,84.56415777078672,1.7211380004882812,2.111964702606201,4.2619733810424805,-3.1336917877197266
5.984672329205316,1.6393368303613756,133.1998775676576,2.515700101852417,1.7400000095367432,4.03000020980835,0.01827744022011757
-7.449101873929177,1.824525459458308,22.34682440651899,1.9437789916992188,1.8541892766952515,4.353533744812012,-3.1401803493499756
-15.722028612830725,0.8109189643288812,94.33382773888653,1.6067352294921875,2.4266810417175293,5.042142868041992,-0.011350886896252632
4.741575924412751,1.4961807712035524,75.85883000954111,1.6945266723632812,2.0713858604431152,4.03000020980835,-0.0240935068577528
-15.834356468822325,1.2506730353896938,82.4388568599146,1.85601806640625,1.972861647605896,5.090415000915527,-1.5414761304855347
-7.449101873929177,1.824525459458308,22.34682440651899,1.9437789916992188,1.8541892766952515,4.353533744812012,-3.1401803493499756
-7.276019946460057,1.812804790676421,28.633047920263326,1.5533447265625,1.746219277381897,4.62211275100708,3.1339423656463623
14.146520654354571,1.078648372741566,123.27238292906716,1.409999966621399,2.2987637519836426,4.03000020980835,0.6488749384880066
-2.6495036600895654,1.575790986975093,68.62994609661095,2.515700101852417,2.571645498275757,6.262308597564697,-3.138618230819702
-7.299102924174447,1.7738679905853343,112.3669615255319,1.555206298828125,2.0254931449890137,4.03000020980835,-3.120844602584839
4.612860716336426,1.6043821102304672,127.3426613946834,2.3916015625,2.2997512817382812,4.03000020980835,0.03554411605000496
