4.905414034267518,2.0397371146654946,51.325270429576435,3.3420028686523438,3.078342914581299,6.631627082824707,-0.14434970915317535
7.755541080386492,1.9303997604694798,27.118444272197525,1.9266853332519531,0.9792828559875488,0.8368722200393677,-0.08962857723236084
-4.782195644209714,1.8555729029402968,10.39254687382089,1.409999966621399,1.8584754467010498,4.780905246734619,3.0661087036132812
19.861544826159513,0.8028767640766112,128.05844607375272,1.409999966621399,1.7400000095367432,4.03000020980835,-0.13605430722236633
-4.202494552048935,2.211551364287927,44.92742523049178,1.4589195251464844,2.0163204669952393,4.791236877441406,2.9978184700012207
14.405480337874305,1.6620034747512946,91.01651115932891,1.7552146911621094,2.2380762100219727,4.241072177886963,-0.07366588711738586
10.122663483413383,2.034156093621851,54.82127153213492,1.5232887268066406,2.2182888984680176,4.974793434143066,-0.14799536764621735
6.59477881142833,2.046475347554682,28.740372199666407,1.9451675415039062,2.6019392013549805,4.561315059661865,-0.14336957037448883
-2.6457767332565885,1.834490407171264,15.66850669472483,1.7056732177734375,1.9646832942962646,4.513165473937988,-3.107405185699463
-1.7018232768028079,2.216766322522258,62.74822686683473,1.7970008850097656,2.130904197692871,4.765664100646973,3.0045578479766846
-6.819595457033425,2.1473225106484772,24.814286478562334,1.9498863220214844,2.050471544265747,5.751551628112793,3.006136655807495
1.9540450441185861,1.9301395171054572,26.33218487259558,1.9745826721191406,2.297999858856201,4.03000020980835,-0.10283973813056946
