-18.451326087804883,1.376448800159027,85.19537873848195,2.896188735961914,2.6978750228881836,8.898435592651367,-1.7173988819122314
10.944825664739978,0.831098020793906,58.192573936298814,1.5,0.8963786959648132,0.8360934257507324,-0.1028638407588005
9.813020993757808,0.8944215328966472,56.73408005056536,1.5044879913330078,0.85833740234375,0.6000000238418579,0.01847696490585804
12.350315320873134,0.5536807384538864,79.82853596325744,1.7420921325683594,0.7933812141418457,0.6000000238418579,1.7625160217285156
-16.82024763839277,1.432802329314601,59.57429551575307,1.9982490539550781,1.0612821578979492,0.6506199836730957,-0.0068110995925962925
-18.23204839892435,1.4573641793508418,59.48544980905155,1.8277854919433594,0.9045485258102417,1.119534969329834,0.007351741660386324
-28.75900680597305,1.6244677679453208,85.73706163308674,1.5823345184326172,1.8479065895080566,4.3979034423828125,-1.5796620845794678
-0.13416493098900095,0.6285179277674162,90.96845645721562,1.592519760131836,2.031935930252075,4.03000020980835,0.01476798951625824
1.7408430429377786,0.08167575494080648,128.07859266095434,1.8036479949951172,2.1604723930358887,4.03000020980835,-0.03810664266347885
-12.503785669244088,1.1034982697479832,87.83576107658277,1.409999966621399,2.224205493927002,4.968692302703857,1.0881320238113403
16.19185058699867,0.5164125172632739,75.46817804164388,1.9358768463134766,1.8043678998947144,4.977883338928223,-1.56105637550354
3.105393193657341,0.8572765013423839,73.82352412885487,3.635009765625,3.1408984661102295,9.975815773010254,-0.11402992159128189
-15.188733123455341,0.39978672070272747,149.6660895308742,1.7665290832519531,1.070422887802124,1.5336241722106934,3.1208651065826416
11.849688432542612,0.7933545059312141,58.495066940369625,1.2443885803222656,0.9267547130584717,1.7193156480789185,-0.31583938002586365
-14.063578838254054,1.5823381019551759,48.70562075041691,1.2617530822753906,0.47909998893737793,1.0786999464035034,-1.539543628692627
