-4.203660216209523,1.9993202129869068,68.70235513669626,3.850482940673828,3.259730815887451,10.57068920135498,3.103154420852661
-15.731283428863318,2.448647821133589,39.80231470923486,1.6031436920166016,0.7030635476112366,0.6000000238418579,-2.9478564262390137
-9.7344045528376,2.3534553411268457,79.6663226888967,1.8031539916992188,0.8061541318893433,0.6000000238418579,-3.136643648147583
6.726092277258334,1.8844151915469902,102.17268186482309,1.8074264526367188,1.243499994277954,1.4164999723434448,0.0009555399301461875
4.99953410286359,1.6788300511855565,35.89926887000587,1.8334827423095703,0.9636359214782715,0.9529250860214233,-2.987586736679077
-4.512608798547602,1.9800359804785084,51.41153562059233,1.6465606689453125,2.29949951171875,4.03000020980835,3.0978779792785645
-1.8386471597312577,1.8414821815890563,56.79088503390601,1.409999966621399,2.0055956840515137,4.380132675170898,-3.141155242919922
0.33131488653650076,1.7854474963978055,42.48771708265831,1.840261459350586,2.1158928871154785,4.03000020980835,0.004596042446792126
3.3071954698549795,1.8332403829761845,16.905221581253624,1.4495773315429688,1.7400000095367432,4.03000020980835,-0.00748447934165597
1.1676323564736042,1.7809237979913446,10.52484858568487,1.6719703674316406,1.8697108030319214,4.41295051574707,-0.047656118869781494
-8.114500693933675,2.1957385556508857,20.02649339758946,1.434499740600586,1.7400000095367432,4.214874267578125,-3.140950918197632
-3.491358512637865,2.228094620389249,122.42721114823989,3.0,2.5,9.5,-3.1148152351379395
