-23.456880080625137,2.437240870275022,124.81410925677393,3.6607227325439453,2.398141384124756,5.674404144287109,1.5573009252548218
-18.58953917526268,1.9231834973664013,73.24450230340467,2.1345999240875244,1.243499994277954,0.6346101760864258,-0.10944145917892456
-2.87340554499545,1.6047670132358527,20.694125293548915,1.409999966621399,1.7400000095367432,4.03000020980835,-0.02408549375832081
-17.641890925876975,2.2094622214980264,127.9782797575929,2.0339393615722656,0.8773049116134644,0.7165975570678711,-3.0688793659210205
-2.87340554499545,1.6047670132358527,20.694125293548915,1.409999966621399,1.7400000095367432,4.03000020980835,-0.02408549375832081
-2.4885334981887413,1.5079352171872933,45.525346113159905,1.7368965148925781,1.9277946949005127,4.03000020980835,-0.020077962428331375
-12.436873637635557,1.9909579586700947,129.57095816346657,1.7940349578857422,2.1551127433776855,4.867859363555908,3.1245946884155273
1.544690967634312,1.6048353116820302,14.625885007490442,1.409999966621399,1.7400000095367432,4.49031925201416,0.3942124843597412
-6.271986992846001,1.5173735120354777,78.03661972018897,1.5288352966308594,1.8687267303466797,4.301456451416016,-0.00020174508972559124
-1.9735876972857145,1.4958998427336019,81.44731154012803,1.916189193725586,1.7441760301589966,4.03000020980835,-0.019267985597252846
-2.87340554499545,1.6047670132358527,20.694125293548915,1.409999966621399,1.7400000095367432,4.03000020980835,-0.02408549375832081
-12.705821090288119,1.7945048107701562,60.95672017924921,1.4520721435546875,2.641700267791748,5.334171295166016,3.105550765991211
0.25604113697849656,1.546034979590004,29.265357698912815,1.413351058959961,1.764847755432129,4.03000020980835,-0.004650449380278587
6.355019569321607,1.3433743012976875,108.2311827714489,1.2156000137329102,0.47909998893737793,1.0786999464035034,1.5468566417694092
