1.8326718862158158,1.6862732378426193,24.575841448199515,3.212789535522461,2.6635994911193848,5.836878299713135,-0.18018512427806854
15.011701996380198,1.7447386627998764,73.55815384568753,3.919661521911621,3.487213611602783,9.699316024780273,2.7573435306549072
18.93619446213341,1.8449360309136704,63.383863036889196,1.7728023529052734,1.8625874519348145,4.03000020980835,-0.39425036311149597
10.246886321767597,1.8153218913162676,42.22512193717106,1.6228370666503906,2.31710147857666,4.03000020980835,-0.3371140956878662
17.1204479005253,1.7628393343917206,66.74791798807733,2.0731592178344727,1.897273302078247,4.792741775512695,-0.41973158717155457
-4.999268895303321,1.623147165040213,25.457387710048334,1.540863037109375,1.945148229598999,4.764923095703125,2.628282308578491
5.092416882884151,1.8025192880582432,20.15881166156831,1.484330177307129,1.7400000095367432,4.1637282371521,-0.0591709278523922
-0.13450725841882327,1.7677781381863376,10.550150382401169,2.24271297454834,2.0033063888549805,4.193973541259766,-0.037078339606523514
24.99721721533606,1.9035727616743758,78.90947789311807,1.537322998046875,1.7822614908218384,4.104391098022461,-0.3637275993824005
6.0218229102281295,1.7399473528375025,49.898055647450384,1.970475196838379,2.182403326034546,5.040691375732422,2.7726852893829346
13.029052817275069,1.757716139697465,58.681558925660376,1.8674774169921875,1.9026334285736084,4.7232985496521,-0.35552978515625
4.705056014604102,1.8690240580047104,8.573661285258499,2.1243724822998047,1.838609218597412,5.516761779785156,0.03850846737623215
