-14.350609305350979,1.7542531065614368,60.835990401443276,2.1345999240875244,0.9966561794281006,1.0282549858093262,0.019016016274690628
-11.853208522660822,1.8388224803579796,62.93366523636527,1.888559341430664,1.8925573825836182,5.582986831665039,-3.117591619491577
-11.73279357132176,1.7474380076885883,129.83426658550962,1.409999966621399,2.1744956970214844,6.299108505249023,-3.130990743637085
6.173346567603161,1.6481812948467742,29.918161543261526,2.105402946472168,2.2558202743530273,4.952780246734619,0.027668820694088936
-8.463050476631304,1.7559192054660677,28.246573834048974,1.409999966621399,1.9612699747085571,5.003118515014648,-3.115628719329834
6.948408673689004,1.5851060359987068,111.55920705193952,2.1803855895996094,2.3526835441589355,4.03000020980835,-0.006324700079858303
6.753521103511515,1.7565770828605438,12.186456640183781,1.4559755325317383,1.7400000095367432,4.8753204345703125,-0.012228057719767094
-11.82797155252444,1.772263945181419,110.74190038722682,1.6851367950439453,2.2637429237365723,4.03000020980835,-3.1344497203826904
6.614058195570327,1.703598745431601,22.602195991947596,1.711390495300293,1.861473798751831,4.989219665527344,0.01739742048084736
-8.292389284718034,1.7469767885680678,57.25301621256931,1.4792842864990234,2.0541341304779053,4.958847999572754,-3.1365299224853516
-11.710365715295437,1.8832676572326625,55.4515960054345,1.457021713256836,1.762660264968872,4.466911315917969,-3.138444423675537
2.26191153423979,1.570247224530443,94.30590595181408,1.409999966621399,1.7400000095367432,4.29345178604126,0.006363154388964176
-11.994840622329328,1.9011877553633143,49.72524736032046,1.570450782775879,1.7400000095367432,4.03000020980835,-3.1367549896240234
-7.123559176745061,1.664407271719945,150.55784286174634,2.2899045944213867,2.4823570251464844,5.405844211578369,3.1385345458984375
-11.73279357132176,1.7474380076885883,129.83426658550962,1.409999966621399,2.1744956970214844,6.299108505249023,-3.130990743637085
-11.816665266345682,1.886942059034174,44.833441542351835,1.6677875518798828,1.7770540714263916,4.61419677734375,-3.138885736465454
-0.19442723145563517,1.6331445547792094,59.749497840359346,2.515700101852417,2.3025336265563965,4.420836448669434,-0.004087082110345364
3.0521146349433974,1.6332957833926631,70.36440144306269,2.2679548263549805,2.53939151763916,4.937465190887451,-0.010290890000760555
-11.990346711954137,1.8764151396497877,26.81172705166465,1.863245964050293,1.8287523984909058,5.4867048263549805,-3.1292340755462646
-8.292389284718034,1.7469767885680678,57.25301621256931,1.4792842864990234,2.0541341304779053,4.958847999572754,-3.1365299224853516
