-7.0108892679509385,2.0716297862460915,23.503376812037207,1.6690044403076172,1.7400000095367432,4.31871223449707,0.018509455025196075
4.414480044798833,1.9184066808261444,36.36275668169681,1.7030506134033203,1.7400000095367432,4.6490478515625,-0.01658398099243641
4.64473810544583,2.1797494037949945,58.81126008036483,1.8887176513671875,1.7400000095367432,4.2006683349609375,0.018749350681900978
4.520798164170309,1.7360416478670855,14.683404792668199,1.4784355163574219,1.7662162780761719,5.019125938415527,-0.004561524372547865
-7.021309341767475,2.0909745099365526,28.978708148904154,1.5080146789550781,1.7400000095367432,4.661944389343262,0.040725670754909515
-16.334100378196094,2.2633538494648118,-0.4240448529756262,1.516256332397461,1.9028406143188477,4.551855087280273,-3.1368939876556396
-6.753357885835103,2.19075149996334,42.430131537049256,1.7326908111572266,1.7400000095367432,4.564687252044678,0.02909487672150135
-7.058790535674685,2.042945172320893,17.344325269633742,1.6645889282226562,1.7400000095367432,4.6453070640563965,-0.0028712949715554714
4.718980418901692,1.7688108412735644,22.780890924636267,1.8308124542236328,1.7400000095367432,4.03000020980835,0.02222500927746296
4.772641887488841,2.8202853704139046,126.84890580947226,1.7288379669189453,2.2409651279449463,4.03000020980835,-0.011861881241202354
4.74719115386931,1.8222877299052085,28.792495469897542,1.776632308959961,1.7473677396774292,5.251922607421875,-0.014795107766985893
-6.933336191553331,2.121966878203218,35.311814942620124,1.716522216796875,1.8718242645263672,4.585352897644043,0.02909487672150135
-6.824174307068173,2.9830268818910453,129.1134979410228,3.4011306762695312,3.138305187225342,3.4145898818969727,-3.13328218460083
