6.25758938636667,1.7769874395101,29.937763828231887,1.980672836303711,0.7481991052627563,0.6000000238418579,3.129908323287964
5.911631872610025,1.8079029786240417,47.824922558788586,1.893270492553711,0.6827261447906494,0.6000000238418579,-0.005503574851900339
7.006324894912343,1.706330088113569,27.234504323394255,1.5,0.6000000238418579,0.6000000238418579,-0.01545889675617218
-11.618732917142417,2.4996534542201765,26.75559380613891,1.5,0.7565494775772095,0.6000000238418579,-1.5675530433654785
-12.037441787274629,2.5954409227008095,47.816137968589075,1.7554588317871094,0.653922438621521,0.8707485198974609,-1.471862554550171
6.517012753576644,1.754136848005548,14.273541296177267,1.5261554718017578,0.6363282203674316,0.6184089183807373,3.1170125007629395
5.825515260700022,1.8167823175957205,49.97290509936278,1.6126766204833984,0.6000000238418579,0.6000000238418579,-0.015146861784160137
-11.47191100901357,2.58831855084432,48.867599816758435,1.7754650115966797,0.6782965660095215,0.8354589939117432,1.680375337600708
6.974592624015328,1.7104980366691518,27.79705003405655,2.1345999240875244,0.6000000238418579,1.1052130460739136,1.5338011980056763
6.138394875341212,1.7946000004270863,46.18239213739691,1.7708053588867188,0.7719389796257019,0.6000000238418579,-0.02272791974246502
7.326652081656964,1.8906682707433546,99.53975551700695,1.5,0.7147827744483948,0.6000000238418579,-1.5624092817306519
4.664153581540944,1.8511764187966682,28.916659364258194,1.8408126831054688,0.6000000238418579,0.6324806809425354,-1.554966926574707
5.010936943733021,1.921881738964501,61.33004118340976,1.6014041900634766,0.6186720132827759,0.6000000238418579,-0.01564386673271656
4.755100430501839,1.9040217826052963,50.28104813807001,1.6916313171386719,0.6630901098251343,0.6000000238418579,-0.03251023590564728
4.901821995708349,1.898026443374958,47.798379742125775,1.8359642028808594,0.7661198377609253,0.6000000238418579,-0.049591515213251114
6.785693350586027,2.0271820453334133,107.77087056780228,1.6102638244628906,0.7717190384864807,0.6000000238418579,-0.6398210525512695
5.993814638877822,1.782880592278308,28.880197306397715,1.6407546997070312,0.6000000238418579,0.6000000238418579,1.592508316040039
4.85067036213939,1.8862428689800266,53.014402413867465,1.9407024383544922,0.7291803359985352,0.6342365741729736,-0.09024310111999512
-3.9161497245057673,2.029278318639415,25.908997880788505,1.6264972686767578,1.785536766052246,4.892093658447266,-3.09451961517334
-2.2430269139214185,2.1754411950898995,81.97849313532758,1.9324588775634766,2.091717004776001,4.191153049468994,-0.01713401824235916
1.5499399184705571,2.1034250334573135,75.58574092217047,1.7209396362304688,1.9121516942977905,4.755335807800293,1.9042627811431885
-3.8309238810939332,1.9950746664210155,15.41158890733795,1.4212188720703125,1.9047765731811523,4.739066123962402,-3.11808705329895
-6.84567878388673,2.44827818177812,130.32149058493235,2.0141868591308594,2.183101177215576,5.68359899520874,-3.1228187084198
2.275347436960422,2.0688307725406645,51.21757694026082,1.5929946899414062,1.82585608959198,4.1768269538879395,0.04811863973736763
-4.204049929083964,2.109177598366321,42.17387161326854,2.0013370513916016,2.110870599746704,6.118395805358887,-3.118452787399292
1.8020307641977562,2.1114418413077423,57.84675481777827,1.8013229370117188,1.9022634029388428,4.6990742683410645,0.039910171180963516
