16.50303214182452,2.0504396829771263,61.32147077727349,3.0387134552001953,2.7010931968688965,7.332143783569336,-0.0642639622092247
-9.083028818361319,2.343105087246961,99.3850413993784,2.0754871368408203,2.5471863746643066,4.907176494598389,3.05000901222229
4.741279846125485,1.931351382241541,147.44819395260808,1.409999966621399,2.3866281509399414,4.03000020980835,2.9621217250823975
-6.098469973533559,2.2089107195901807,108.86225839217403,1.6899185180664062,2.6957738399505615,7.020100116729736,3.0167834758758545
-2.732300267013593,1.9358113224309617,52.352791701991265,1.4606094360351562,2.3646585941314697,4.66449499130249,3.0568342208862305
7.242265786401009,1.7916039296373423,20.588748270918735,1.7655067443847656,2.189810276031494,5.0878095626831055,-0.007581790443509817
8.542117788234908,1.8553327375051256,39.76465577670654,1.7742061614990234,2.1324973106384277,4.9226226806640625,-0.009501172229647636
17.89955163838131,1.9257197893250098,131.45514713660344,2.2998085021972656,2.3920536041259766,6.020796775817871,-0.15187133848667145
-4.560123796016473,1.9189751385033031,24.51481113175958,1.8036880493164062,2.37636137008667,5.700100421905518,3.1216816902160645
-9.891684793354658,2.3215418734904847,89.3313721378579,1.7714080810546875,1.9705185890197754,4.370965957641602,3.002288341522217
9.979093056702606,1.9261169033449623,70.55065851906366,1.675729751586914,2.466827869415283,5.326863765716553,-0.06893274933099747
0.14885324963536717,2.01071076905901,115.4238835510512,1.409999966621399,2.328704833984375,4.03000020980835,2.9823853969573975
18.419202514680094,1.9775156561225682,109.21334570957413,1.8733386993408203,2.3085007667541504,5.761260509490967,-0.13976655900478363
