-4.767352152083741,1.9775300980480663,25.268553470988767,1.6077690124511719,0.7495472431182861,0.6000000238418579,-3.077432870864868
-15.49032834255381,1.7254309885563297,-0.8462614314889247,1.637228012084961,1.7444934844970703,4.605829238891602,0.0451042465865612
8.40290189346865,2.178826347276647,60.98892476038993,2.1345999240875244,1.108964443206787,0.9036990404129028,0.8574807047843933
-8.727017002764681,2.3512161680907884,58.56388279263025,1.7755069732666016,0.7248713374137878,0.6000000238418579,-2.7629730701446533
-10.422174882741034,2.419805758454584,63.423756218861186,1.7585525512695312,0.7909270524978638,0.6000000238418579,-2.2974088191986084
-11.54020010755837,2.274996623891578,47.13404791880787,2.1345999240875244,1.116105556488037,0.6060206890106201,0.0069127632305026054
-6.4058947388435366,1.9571457451545622,16.99382941139633,2.0006256103515625,1.777785062789917,4.384920597076416,3.133821725845337
3.2061827519421287,1.8099155073240543,8.687470837437099,1.4516773223876953,1.8719133138656616,4.171728134155273,0.010555801913142204
-6.021584198872905,2.00167981653598,22.9834706467604,1.4604778289794922,1.7400000095367432,4.135157585144043,-3.1202642917633057
0.47783070533862965,1.9055365009362395,23.908202574681944,1.4307422637939453,1.814685344696045,4.136730194091797,-0.006796944886445999
3.1503150776180164,1.9961669747356021,35.30130600497524,1.8481616973876953,2.166118621826172,4.452546119689941,-0.01816040836274624
-3.7150646584739664,3.61000448606206,115.09302348511106,1.5418891906738281,2.0119166374206543,4.03000020980835,-3.121596336364746
3.0981099122675815,1.882950291737442,16.836037710878255,1.6617145538330078,1.990557312965393,4.03000020980835,0.019835704937577248
3.209207652670371,1.9470319338801843,29.219152965304023,1.5236949920654297,1.92551851272583,4.03000020980835,-0.002692863345146179
-6.4058947388435366,1.9571457451545622,16.99382941139633,2.0006256103515625,1.777785062789917,4.384920597076416,3.133821725845337
-4.091489158828578,2.138033283194522,41.92634673629963,1.9309043884277344,2.216151714324951,5.722057342529297,-2.5923163890838623
3.2061827519421287,1.8099155073240543,8.687470837437099,1.4516773223876953,1.8719133138656616,4.171728134155273,0.010555801913142204
