5.125223576959598,0.7740225990247689,78.0857635488918,3.64229154586792,3.3619015216827393,13.165746688842773,-0.009378980845212936
-16.715946276537444,1.390449724050392,62.67536369270216,1.8169008493423462,0.7192959785461426,0.6585150957107544,0.0021557207219302654
-6.421479226168466,1.4762907321473602,44.27319704408196,1.9645090103149414,2.5979409217834473,5.895717620849609,-3.1182432174682617
-26.409456381333907,1.0010126720717072,82.36202381479634,1.6008907556533813,1.7400000095367432,4.107722282409668,2.3375580310821533
19.236503317579356,1.2979037176532704,39.85488430005116,2.515700101852417,2.2114179134368896,6.6064958572387695,1.6480271816253662
-21.18486879499922,1.055686143754128,83.95712214124677,2.515700101852417,3.0,6.488940238952637,2.463689088821411
-25.18519160555943,1.126296164393629,73.58447094718285,1.5696704387664795,1.7400000095367432,4.528021335601807,2.3358957767486572
-6.261019874244715,0.7666664974365192,90.30200297380124,2.1114249229431152,2.397552967071533,5.518280029296875,3.108213186264038
-6.741467100907133,1.150584513366258,68.17263495141138,2.1381759643554688,2.6054821014404297,6.006705284118652,-3.1358532905578613
2.6977254510609625,1.4947512348615788,25.975465517070685,1.9365897178649902,1.8408772945404053,4.293442726135254,0.04770180210471153
-29.194219367402738,1.0645813867175349,69.24003625144512,1.876133680343628,1.7400000095367432,5.747246742248535,2.3598875999450684
-8.157257376184656,1.7730736187584233,17.41785864334791,1.822422742843628,2.3112761974334717,5.0795416831970215,3.1376023292541504
