4.343665523193284,1.1084720327959214,63.434858644245054,1.7016944885253906,0.8437700271606445,0.8170880675315857,-1.324618935585022
5.080796254668292,0.9318990295666062,68.99841228498025,1.605128288269043,0.6000000238418579,0.6245189905166626,-1.556764006614685
-0.8638211244002423,1.4642912993814248,84.94471109106604,1.7494478225708008,1.243499994277954,1.3342218399047852,-2.9303557872772217
-0.1841690909046121,1.2700878800088686,71.41138785134048,1.7457828521728516,0.8524031639099121,0.6000000238418579,-0.03560304269194603
6.582613960247756,0.8414379051713194,68.90256348646692,1.5409126281738281,0.9240220189094543,0.7949661016464233,-0.6265347599983215
5.8381876313810315,0.8746628976158326,70.67996872934295,1.5,1.0582289695739746,1.073503851890564,0.39121556282043457
-15.735339078431263,2.1063819155202195,35.17178306773361,1.8069982528686523,2.379171848297119,5.981799125671387,-1.4986271858215332
-15.122809961375113,2.063462623199898,29.745194692661975,2.0875253677368164,1.7758228778839111,4.155340194702148,-1.5339633226394653
-15.178199854595976,2.1211984559387598,48.91374730266885,1.7333154678344727,2.1222658157348633,4.3640546798706055,-1.593322992324829
-15.985032996886948,2.1183792887705772,32.68625806625396,1.7190608978271484,2.243640184402466,5.749192237854004,-1.5339394807815552
1.4445353922845716,1.2023316510196078,78.14468278209594,3.267441749572754,2.953446626663208,9.5,-0.04601418599486351
1.9635279874235638,1.4274368823358166,45.55352100554678,1.5,1.119124412536621,1.0457545518875122,-0.010691726580262184
