-2.1388679937444404,1.1509618350060848,116.58879943573005,4.537422180175781,2.424281120300293,4.318883895874023,0.05549157038331032
8.220841348240869,1.5808096828961307,19.971686278194785,1.6557388305664062,0.7094987630844116,0.6226382255554199,0.049410030245780945
-12.350359381892384,1.3837517167559241,47.00095009682457,1.800079345703125,0.9448418617248535,0.6000000238418579,-3.0403170585632324
-2.953293883337826,1.456087821163407,45.371375707512,2.0166397094726562,2.135669231414795,5.110627174377441,2.6868741512298584
-7.92706308104827,1.5633518770881418,32.751283703623095,1.4235687255859375,1.7400000095367432,4.03000020980835,-3.1321074962615967
-18.63842452897467,1.1768165074672168,51.34575094027514,1.6416778564453125,1.7400000095367432,4.03000020980835,1.7053643465042114
0.20142761882766963,1.6534259502317508,10.434272399831759,1.6512680053710938,1.8637194633483887,4.03000020980835,-0.004144663922488689
-8.080899193399883,1.6383023500009437,27.475172396443583,1.409999966621399,1.8661340475082397,4.083902359008789,-3.1233677864074707
-7.920070123147073,1.5273356783961036,38.17963021822345,1.6325225830078125,1.7400000095367432,4.03000020980835,-3.1082699298858643
-8.393860209283215,1.3012967951974068,72.41134798882022,1.857452392578125,2.37665057182312,4.03000020980835,-3.114321231842041
3.7584358024468427,1.7377516162482187,20.021165512480426,1.4254837036132812,2.0357723236083984,4.03000020980835,0.0027648366522043943
