5.4312914055062,0.7027134402469475,117.47828250047736,1.4233722686767578,0.5486682653427124,1.5,0.0008709756075404584
-4.311222904676042,0.746413921030654,115.45879613289378,3.6367530822753906,3.1324143409729004,8.513577461242676,-3.1194257736206055
-12.642485511162894,1.1453025646657924,89.67469240893749,1.6999588012695312,0.8125935196876526,0.6000000238418579,-3.1013259887695312
-11.509098241037643,1.1012038003666733,89.6184028391958,1.7597541809082031,0.9134540557861328,0.6000000238418579,-3.104924201965332
-10.818676676737077,1.0622040412285667,93.93593254537548,1.6257343292236328,0.8081670999526978,0.6000000238418579,-3.1087729930877686
-0.11300999798420419,0.9065935131292829,84.47696000053595,1.5921783447265625,1.9111589193344116,4.03000020980835,-0.011317034251987934
-3.975073934685809,0.8586204489706599,97.73520953483828,1.7149848937988281,2.5452585220336914,4.910301208496094,3.1276347637176514
-0.7932817714320872,1.0913606432730982,67.5809410823806,1.539560317993164,1.7934064865112305,4.03000020980835,0.004961300175637007
-3.0454392517889315,1.7246974844572023,9.144633183938803,1.4878368377685547,1.893702507019043,4.865823268890381,3.0986781120300293
-5.197441172669858,1.635192536671581,27.931214821878886,1.4712390899658203,2.0944483280181885,4.908382415771484,3.001804828643799
3.573212813625427,0.7913408031682054,112.82441691262775,1.5568981170654297,1.9829223155975342,4.03000020980835,0.005464391782879829
-3.975073934685809,0.8586204489706599,97.73520953483828,1.7149848937988281,2.5452585220336914,4.910301208496094,3.1276347637176514
1.5544315631163113,1.5372912163044141,23.601431964817472,1.5011253356933594,1.8659886121749878,4.03000020980835,-0.01966305635869503
12.931861286078274,1.2551504475177406,30.91398895237222,1.409999966621399,1.7810593843460083,4.341658592224121,-1.5860933065414429
5.868033004156739,1.4916042438422816,34.65082189840156,1.2526874542236328,0.47909998893737793,1.0786999464035034,-2.761622667312622
8.490581446049855,1.526767875831947,19.3748700106408,1.4467411041259766,0.47909998893737793,1.0786999464035034,-3.1249542236328125
