-10.807148056646167,1.2506480459788591,82.42231686130397,3.140336751937866,1.7400000095367432,6.328545570373535,-1.5107804536819458
6.252002751667099,1.5289825848023935,76.63193505403345,3.2348008155822754,2.007725715637207,7.612284183502197,1.5356467962265015
1.0631182784061302,1.6928593133886554,50.13661817742268,1.7721326351165771,0.6616896986961365,0.7547439932823181,-1.037853717803955
5.275141503687537,1.763595829705248,53.52318469462996,1.6707172393798828,0.6514409184455872,1.025511384010315,-0.9843782186508179
6.879435466343271,1.7953257321702185,54.756917454355595,1.835531234741211,0.7551695704460144,1.1227797269821167,-0.8781880736351013
1.0937168172982052,0.23984254663474602,127.74717957424241,1.5453600883483887,0.7113761901855469,1.0196704864501953,0.0026911518070846796
-6.663077207062741,0.8565717107540167,98.76840642306603,1.567521333694458,0.9647840857505798,1.4164999723434448,1.7336596250534058
-6.20797086681782,1.6631268463355702,38.665816528438604,1.4911530017852783,2.614598274230957,4.731459140777588,-3.140866756439209
-10.72868676488433,1.7045814368788643,28.409592206003293,1.434628963470459,1.7400000095367432,4.03000020980835,1.586611032485962
-3.0735659160835485,0.7311575868534906,105.03474517931771,1.4446771144866943,2.4268875122070312,4.03000020980835,0.03177103027701378
9.097526817532358,1.8801758324823343,23.94763980012879,1.409999966621399,1.7400000095367432,4.03000020980835,1.6169663667678833
8.102253973981627,1.8729558015627026,29.39775133376321,1.409999966621399,1.7400000095367432,4.03000020980835,1.585513949394226
7.8889627130759585,1.8335786539890435,32.0720322371878,1.7413215637207031,1.7598674297332764,4.483834743499756,1.5787941217422485
1.788183958922293,1.699589119969825,40.8776308891565,1.4802005290985107,1.7400000095367432,4.129385948181152,0.11014066636562347
-10.72868676488433,1.7045814368788643,28.409592206003293,1.434628963470459,1.7400000095367432,4.03000020980835,1.586611032485962
-6.3583982829151475,1.6542533428675212,25.356127354189926,1.4958019256591797,1.9175047874450684,4.03000020980835,3.108891010284424
-12.289015875447324,-0.0950945743857341,142.11913778188384,2.1847431659698486,1.7400000095367432,4.741428375244141,1.6068195104599
9.097526817532358,1.8801758324823343,23.94763980012879,1.409999966621399,1.7400000095367432,4.03000020980835,1.6169663667678833
8.658444756383973,1.882783552690244,26.561101757946332,1.9821193218231201,1.7400000095367432,4.03000020980835,-1.5533232688903809
-0.531580573510006,0.1980088433878444,128.07288017139078,1.4552228450775146,2.194003105163574,4.03000020980835,0.014410735107958317
-10.72868676488433,1.7045814368788643,28.409592206003293,1.434628963470459,1.7400000095367432,4.03000020980835,1.586611032485962
2.763993614461573,1.7371079424294278,30.16752112337362,1.4275050163269043,1.9458510875701904,4.03000020980835,0.007925259880721569
-10.982842254255763,1.4776330013953405,69.6652756234613,2.1271045207977295,1.2121891975402832,2.3980369567871094,1.5291473865509033
