-17.724735335123963,1.5923119448978322,65.1905342270888,1.1598243713378906,0.809749960899353,1.5,0.034778892993927
-17.80678657982083,1.587495488112789,65.7193438051821,1.806020736694336,0.8823775053024292,1.0324000120162964,0.020287152379751205
-13.012816649315008,1.2518202165513808,114.20498387923243,3.2064971923828125,3.9352478981018066,12.03718376159668,-3.1402783393859863
-23.74532783347429,1.0239534060545554,140.46860665010504,2.133573532104492,1.7400000095367432,4.03000020980835,-1.539286732673645
-14.313782371072817,1.8403747609598002,47.54350220541534,1.7025279998779297,0.7590411901473999,0.6717860102653503,-1.7062321901321411
-16.25958401642792,1.8493119542089824,46.99087174232109,1.5767879486083984,0.7692307233810425,0.7841811180114746,-0.07441572099924088
3.6781610564833653,1.6576441614573136,28.357985033239284,1.6557140350341797,0.6000000238418579,0.6000000238418579,1.5730279684066772
-19.36426512108316,1.3623218213250738,91.03781874770637,1.6118888854980469,0.7284771203994751,1.265824556350708,-1.5561013221740723
-14.867961211048012,1.2018506277951575,110.53736229777543,2.1345999240875244,1.1200206279754639,0.9545459151268005,0.9533823132514954
5.776962761445575,1.6405961989301925,36.897645418197044,1.6278705596923828,0.8639106154441833,0.6000000238418579,-3.0961339473724365
-15.97558395685785,1.210788864050992,109.0845942503547,2.1339778900146484,0.835446834564209,1.3051551580429077,-1.5851259231567383
-14.635073879545676,1.5626356642327788,88.31220639609322,1.4363117218017578,1.8179982900619507,4.0404276847839355,-3.1120400428771973
-14.1601887416592,1.7261847850732093,68.44188646540519,1.6561527252197266,1.7725406885147095,4.03000020980835,-3.1330909729003906
-3.026950624976093,1.0093954646398056,127.36709073499557,1.5454463958740234,2.5326473712921143,4.03000020980835,0.02201211079955101
-14.003240769049931,1.7578183629621047,63.37289608981604,1.441183090209961,2.1639397144317627,4.03000020980835,-3.1132147312164307
-14.227243055046255,1.6866140430234466,73.77173980192126,1.4501228332519531,1.7400000095367432,4.33338737487793,-3.108759641647339
-14.49485816313545,1.6573191931132931,80.41691684844962,1.6604843139648438,1.7895209789276123,4.424618721008301,3.140807867050171
3.075083491328951,1.7111569468286154,10.58519121923704,1.7255058288574219,1.77018141746521,4.566786766052246,0.02594202756881714
-6.335672863024248,1.116142172723229,113.58500732306612,1.8384418487548828,2.6734132766723633,4.03000020980835,-0.0013365397462621331
3.075083491328951,1.7111569468286154,10.58519121923704,1.7255058288574219,1.77018141746521,4.566786766052246,0.02594202756881714
1.8793604819896697,1.5982574648748256,58.376298550235745,1.8612403869628906,2.013782501220703,4.277507781982422,0.03338206559419632
3.665685789183527,1.5209984328090498,51.10860216985652,1.2444992065429688,0.47909998893737793,1.0786999464035034,0.6340495944023132
