13.480489095841317,2.058526359174472,90.80523351425704,3.127981185913086,2.4166080951690674,4.505346298217773,-0.9604334235191345
-11.508027749621258,1.7629910065109033,28.105740064397015,1.6949234008789062,0.7390989065170288,0.6000000238418579,-0.12252223491668701
-10.197311724091142,1.7910149224660632,28.68367130388372,1.9453258514404297,0.6000000238418579,0.6000000238418579,0.8666493892669678
-10.152589128796972,1.7181420725641257,27.50928653541433,1.9949073791503906,0.6530323028564453,0.6000000238418579,-0.409877747297287
8.757139005786833,1.6996275194247854,42.518982905262135,1.7076644897460938,0.7006001472473145,0.6000000238418579,-0.037570156157016754
-2.695801050569395,2.1202383147071657,76.31430445189622,1.5109329223632812,2.3344898223876953,4.03000020980835,3.1275410652160645
-4.026619904943677,1.9330504017531744,48.06018134496882,1.9971752166748047,2.179474353790283,4.829788684844971,3.1164302825927734
19.92206305342922,1.8809103969064722,110.61960289264957,1.409999966621399,1.7400000095367432,4.03000020980835,-0.04248358681797981
3.5359260549668403,2.1735322807205035,82.25075669149689,2.032754898071289,1.940382719039917,4.03000020980835,0.01918078400194645
2.949157492658017,1.887197413127756,36.59585711874279,1.8922405242919922,2.009638547897339,5.250898838043213,-0.049046337604522705
-0.28224869989912416,1.974996698592808,65.21398586610923,1.6556072235107422,2.152965545654297,4.03000020980835,3.1337313652038574
