-4.51264013084029,1.6362671625626266,22.865393316559825,3.8966522216796875,2.8094329833984375,10.929157257080078,0.03787513077259064
7.221425762194781,1.112511224181624,48.987133837587436,1.8809318542480469,2.173431396484375,5.181028366088867,2.2958314418792725
15.59311482410435,1.386383560030822,36.013333963716775,1.509307861328125,1.9172821044921875,4.455244064331055,2.763145923614502
-6.982475491799254,0.7139313147559321,93.3425431335999,1.5977249145507812,1.9477530717849731,4.03000020980835,-0.003292159643024206
6.012839467443735,0.9814383745606055,67.76984962995667,1.409999966621399,1.9063847064971924,4.732751846313477,3.099522352218628
-1.4251200366866859,0.41055063388428437,134.02047084031324,2.515700101852417,2.69589900970459,5.779074192047119,0.012721228413283825
-7.053291932851881,1.0676394044256767,59.107165984887715,1.4286994934082031,1.8177802562713623,4.710230350494385,-0.015402094461023808
-2.3063056181916113,1.218505428823157,52.29038494620109,1.9167461395263672,2.0757784843444824,4.370603561401367,0.06603351980447769
-7.272080382686973,1.666445013360347,22.029423247904145,1.5572757720947266,1.8440648317337036,4.551644325256348,0.012334074825048447
-7.06777416621656,0.9507290679727873,70.26091404018064,1.657571792602539,1.751901388168335,4.513309478759766,0.009538592770695686
-7.274157795441674,1.7650059643766252,16.20250106490601,1.7962589263916016,1.8648784160614014,4.676177024841309,-0.019529808312654495
8.355951461548415,1.2501220060204794,43.04135040775729,1.507101058959961,1.8243188858032227,4.963927268981934,2.2705845832824707
-0.52360825473783,1.7026269207479534,24.27474624099362,1.7049064636230469,1.8817338943481445,4.03000020980835,-0.035019420087337494
1.263451112986671,1.1779910459823384,63.60256480501623,1.7794761657714844,2.2275424003601074,4.656289100646973,0.017280057072639465
11.3705264902439,1.2889551444497656,38.99134423871659,1.8279380798339844,2.1652629375457764,4.695855140686035,2.5161445140838623
-7.130589514914933,0.9913278434942399,64.50417038857007,1.845315933227539,1.8015867471694946,4.64119291305542,-0.012316027656197548
13.3237426771189,1.3347649151508563,36.80806371546252,1.4815654754638672,1.8798291683197021,4.048784255981445,2.6965248584747314
