20.680870857024175,1.3266030438505485,100.86222973632883,2.9908924102783203,2.6384286880493164,4.995588779449463,-1.509428858757019
8.038485747294079,1.8675535786307678,64.15267883478614,1.2435894012451172,0.5495193004608154,1.6711742877960205,-1.522171974182129
7.237900925607404,1.8000709959264785,28.663687204229674,2.001483917236328,2.49670672416687,4.396452903747559,0.0043865712359547615
1.7906431541281647,1.890487006808462,32.04025718421059,1.4712963104248047,1.754744529724121,4.196030616760254,0.10870226472616196
2.6745702569940666,1.9444329867390868,42.73064622043037,1.848001480102539,2.0383870601654053,4.433784008026123,0.01377150695770979
-2.297971383549343,1.9792210323268096,84.51980865103663,1.409999966621399,1.7400000095367432,4.03000020980835,-0.017576631158590317
-2.740939732421545,2.025866772625415,59.684771828371616,1.818380355834961,1.7400000095367432,4.03000020980835,0.00817583967000246
-2.7150378310978724,1.953802478731404,120.90749426695075,1.9272651672363281,2.2196483612060547,4.03000020980835,0.003703419351950288
7.497738331809471,1.964397055966747,49.49866108394353,2.515700101852417,2.234131336212158,5.722975730895996,-0.048437416553497314
-3.1296820876005618,1.7956757595921453,12.272161639390038,1.872018814086914,1.7810641527175903,4.50783634185791,-0.065922312438488
-2.8384223551214403,1.9900960449422325,41.856955121156574,1.5715885162353516,1.8883132934570312,4.03000020980835,0.06863395869731903
1.075478188517577,1.937157092594941,80.00318859460135,1.9706897735595703,1.9653253555297852,4.03000020980835,-0.001419031759724021
-0.12445673353576571,1.8287061222081387,18.580022188881927,1.443979263305664,1.8352382183074951,4.03000020980835,-0.0193514134734869
-12.789557115755649,2.1178980933006875,91.28986612532117,1.557180404663086,1.7400000095367432,5.14150857925415,-1.2041007280349731
-0.15985951854418853,2.00058873049975,63.69633462247113,1.6290149688720703,1.7584571838378906,4.19215726852417,-0.004925523418933153
4.41792764919642,1.8888005923947953,73.43471665135496,3.8883438110351562,3.263400077819824,10.170000076293945,0.005143575835973024
