-4.262012315537071,2.9767278119453806,137.37813127702975,1.719099998474121,1.1354000568389893,1.6051898002624512,2.988656759262085
4.414877081839874,1.983549201267122,21.99816551802355,1.940277099609375,0.7595524787902832,0.6847938895225525,-3.0877788066864014
4.104065587742438,2.119191968330463,27.027775370470014,1.8101844787597656,0.8338872194290161,0.6000000238418579,3.1338658332824707
3.7231481733371705,2.2826897359216343,36.46177452718048,2.1345999240875244,0.7836341857910156,0.6000000238418579,-0.004079384729266167
5.26120469769125,3.1756004703973186,98.26199642052744,2.1345999240875244,0.8394371271133423,0.6000000238418579,0.032414328306913376
-13.502678815487803,3.0693921241924076,37.20480762000106,2.149860382080078,1.8770335912704468,4.719283103942871,-1.6386910676956177
-1.4261698634882642,3.2151997740483607,89.95565718472874,2.3240127563476562,2.797001361846924,4.03000020980835,-0.0019345860928297043
-4.02744037231106,2.5520749105509353,42.43912674690884,1.8701438903808594,1.8452587127685547,4.03000020980835,-3.1226298809051514
-1.282214033385362,2.88540716789738,137.90102688176617,2.515700101852417,2.561051845550537,6.877154350280762,2.9582083225250244
1.4609352603004369,1.8850115833605772,7.979075198886354,1.6028785705566406,2.109013557434082,4.03000020980835,0.010781294666230679
0.8679665635476024,2.63601200232479,58.430189245520246,1.8499794006347656,1.9304921627044678,4.03000020980835,0.02967485785484314
-14.096906001872414,4.158165095208789,42.58940562157643,2.331645965576172,1.7400000095367432,4.03000020980835,-1.5825726985931396
-4.515679120671104,3.3360110940757313,89.97233406601342,2.432147979736328,1.7400000095367432,4.362549304962158,3.1138296127319336
-4.866148488531958,2.82603191802666,63.87895878245811,3.656726837158203,2.6395998001098633,9.5,-3.123913526535034
