3.838145908785836,1.892374395045987,15.647286898430764,3.546298027038574,2.6100006103515625,10.881420135498047,-0.041391003876924515
-14.863319595953694,1.2581369062631538,50.459288620015464,2.7532224655151367,2.1337366104125977,5.751718521118164,-0.0333683118224144
2.975347900315095,1.8300688913077052,9.889278673366432,1.6717948913574219,0.9960955381393433,0.9324630498886108,-0.10193319618701935
-5.634875327204947,1.6125419066994087,15.893369489442275,1.6334638595581055,0.6000000238418579,0.6000000238418579,-0.19525675475597382
-1.545909601982313,2.0525206187509406,29.06813779691534,1.683736801147461,1.7400000095367432,4.475164413452148,-0.04447212442755699
10.882064738213648,2.9248379670876146,89.83766547881285,2.1260547637939453,2.6980783939361572,5.777788162231445,1.245630145072937
-2.2334368170966776,1.7843562862195643,11.96554429202757,1.6741037368774414,1.7400000095367432,4.7348833084106445,-0.03145556151866913
-12.303494918631625,1.2284791966286273,28.245845726041047,1.9676399230957031,1.9598900079727173,5.569393157958984,-0.10471997410058975
7.031220922474291,2.0433197238315435,15.028903469394987,2.108139991760254,2.312471866607666,5.468924522399902,-0.05408398434519768
1.5870480284084219,2.628590061271275,75.12527511083701,1.8971900939941406,2.167445182800293,5.020342826843262,-0.029789626598358154
3.3354362537850584,2.227048196855803,42.130998387428704,1.7273178100585938,2.215636730194092,4.03000020980835,-0.003707661759108305
4.392099173420851,2.572473816563184,72.3421866177803,2.1299314498901367,2.278669834136963,5.0388031005859375,-0.01746816746890545
-2.2334368170966776,1.7843562862195643,11.96554429202757,1.6741037368774414,1.7400000095367432,4.7348833084106445,-0.03145556151866913
-9.42249662770117,1.5012499358244527,21.02227324681402,1.5570335388183594,1.8158994913101196,4.03000020980835,1.562023401260376
-2.6701099252884664,2.263409584213205,106.8359938422752,1.7988672256469727,1.8777650594711304,4.03000020980835,0.17150163650512695
0.2821626464398182,2.387801972560963,55.13742001803773,1.8747978210449219,1.9211456775665283,4.775249481201172,-0.053484246134757996
-1.006878311366012,2.1296797481591714,35.83480949434342,1.6119194030761719,1.7400000095367432,4.30479621887207,-0.01267844345420599
-2.043982646170406,1.931450063342133,22.74325801360989,1.6862401962280273,1.7400000095367432,4.417238712310791,-0.03169663995504379
3.3011298761468915,2.7478617936340624,103.67348112405259,2.3372087478637695,2.236564874649048,4.1419677734375,-0.03408443182706833
