-8.098461928404515,1.8178082249922156,80.82496546424704,2.1345999240875244,1.1130735874176025,0.759864091873169,0.027586355805397034
-9.745035316410029,1.7355121797839088,80.34624332380507,1.8514528274536133,0.8594104647636414,0.6020764112472534,-0.06538687646389008
-8.801734815516337,1.7901243473686679,79.90008518333543,2.1345999240875244,0.8929234147071838,0.74286949634552,-0.01761597767472267
-4.756479013177598,1.8363928755435381,22.510310755525733,1.9626388549804688,0.6000000238418579,0.6000000238418579,0.03605196624994278
-5.337153963497328,1.820105899701613,31.72663416766872,1.6313047409057617,1.7400000095367432,4.225266456604004,0.013139452785253525
-5.340785562864213,1.8123949941461945,12.433257956680384,1.6473579406738281,1.7400000095367432,4.5213470458984375,0.02535156160593033
2.491826906099499,1.8125037793331664,13.831604639768004,1.7791271209716797,1.7400000095367432,4.105419635772705,0.01482529379427433
2.5131744020392164,1.8064491846654924,7.617978007343197,1.535879135131836,1.7400000095367432,4.736680030822754,0.021928289905190468
2.506763917746523,1.7237399214201474,31.966383361774106,1.7241058349609375,1.7400000095367432,4.413736343383789,0.02573971636593342
-5.521150243636369,1.8280175570623904,45.43895454373374,1.520986557006836,1.7400000095367432,4.3948073387146,0.013604269362986088
-0.4082589448438364,1.6832058126822678,29.009591907772503,1.779038429260254,1.990751028060913,4.8499755859375,0.02128581516444683
2.082100049927026,1.690257430108714,104.57063493340581,1.6007890701293945,1.934356689453125,4.03000020980835,0.012519012205302715
-5.321050754576292,1.878184926141082,18.784586295650467,2.4422054290771484,1.930768370628357,4.254621982574463,0.023546043783426285
-5.3796447387422495,1.835181582970491,78.7929757925624,2.515700101852417,2.588186264038086,4.505236625671387,0.011442450806498528
-5.342368265776763,1.8580093118050014,24.867571859988868,2.084803581237793,1.8250250816345215,4.939287185668945,0.0174538716673851
