9.453400967818116,1.5606583485231922,74.16330281553728,1.7026290893554688,0.6647313237190247,0.8783097863197327,-1.5450553894042969
8.153452941589205,1.6361100441140568,68.0125300937604,1.619384765625,0.6712497472763062,0.7709197998046875,0.026994049549102783
6.15244979231129,1.7821818049704934,103.09586521933956,1.5,0.7121940851211548,0.8566712141036987,-1.544042944908142
5.44126316199412,1.7737293540961665,50.80782681166684,1.7578887939453125,0.9436162710189819,1.1153590679168701,0.013514366932213306
4.586825990993816,1.7869372927246936,51.46353120847899,1.7361373901367188,2.6614644527435303,4.845621109008789,-0.0035858689807355404
-4.136786803844745,1.802829184065228,96.88217458600448,1.7728271484375,1.980169415473938,5.276101112365723,-3.1327881813049316
4.586825990993816,1.7869372927246936,51.46353120847899,1.7361373901367188,2.6614644527435303,4.845621109008789,-0.0035858689807355404
-7.653592247639834,1.8470561028308814,24.03316080249645,1.9612808227539062,1.889969825744629,5.09577751159668,-3.126405715942383
-0.39102302398480016,1.716996855449388,58.45797209232593,2.13543701171875,1.9491901397705078,4.34560489654541,0.011307637207210064
-7.881346737110324,1.8585531666978763,36.32961429675663,1.7547683715820312,1.7852063179016113,4.1321234703063965,-3.121837615966797
3.8740895853027872,1.860226733272656,101.86491103477752,1.5135269165039062,1.971534013748169,4.723755836486816,0.012512359768152237
4.158713043249985,1.7464759434719372,27.323190609411242,1.446197509765625,1.7400000095367432,4.457391738891602,0.04527251422405243
-7.692676502895691,1.8677151621860162,30.739750382546738,1.4444198608398438,1.7400000095367432,4.288520812988281,3.139647960662842
4.106978660135242,1.738008506153452,20.823825568182404,1.695068359375,1.9706788063049316,4.96696662902832,-0.022532785311341286
-3.7299017000187944,1.7296953242298845,40.05399593158679,1.9090118408203125,2.1863598823547363,5.837100028991699,-3.127516984939575
-7.943993229213226,1.8643726953451492,17.810273392957136,2.375244140625,2.0948257446289062,4.86004638671875,-3.1262049674987793
-8.012947250734927,1.8673100361652124,49.844745388595854,1.4716720581054688,1.7400000095367432,4.681989669799805,-3.1147518157958984
-3.4661554161842205,1.874958137160127,124.3945472167253,1.4963836669921875,1.779104232788086,4.744876861572266,-3.138967752456665
-7.819522259928819,1.8723730215958612,43.25481743651582,1.7118682861328125,1.7785550355911255,4.598160743713379,3.1375784873962402
-4.219683477780181,1.796892169331325,73.04456187208035,3.378326416015625,2.7203779220581055,9.5,-3.108563184738159
