6.064024785974986,1.6263843793626631,14.93092211303017,1.6388816833496094,0.9154160022735596,0.6000000238418579,-0.06757842749357224
-3.106435111003157,2.9715272035178626,113.6283359138722,2.1345999240875244,0.9716159105300903,0.6000000238418579,-2.990939140319824
-3.907247293088571,2.9476009964649497,113.4484451119937,2.1345999240875244,0.78136146068573,0.6000000238418579,-3.0721065998077393
-8.39756515760826,1.911269128968688,25.97945671715532,1.7800884246826172,0.7946779727935791,0.6498985290527344,-0.07186686992645264
1.4621644054884042,2.8407949328092075,95.05042930170254,1.4919776916503906,2.09310245513916,4.692233562469482,2.872363567352295
3.6350410615976227,2.0530496866969155,38.25775403371995,1.5005435943603516,1.9757587909698486,4.8218488693237305,-0.040588028728961945
3.820977861884577,2.5406726932977453,75.4755644936267,2.407562255859375,2.3300938606262207,4.03000020980835,-0.027903610840439796
1.4621644054884042,2.8407949328092075,95.05042930170254,1.4919776916503906,2.09310245513916,4.692233562469482,2.872363567352295
6.789085698712495,2.580176628914394,78.47765155294263,2.515700101852417,3.0,4.545259475708008,-0.022716987878084183
2.717909812575072,2.3436776867982756,62.16009254084804,1.8055686950683594,1.7400000095367432,4.574437141418457,-0.023971863090991974
20.001785561380814,2.8167411585650313,147.2959958098257,1.6207294464111328,1.7400000095367432,4.910161018371582,1.5559521913528442
