-11.22345329336433,1.5985183859063792,25.536646906231958,3.778787612915039,2.635451555252075,10.295914649963379,-3.1248350143432617
-13.079281213666416,1.5431634954572537,63.207058530863904,3.8346920013427734,2.8376293182373047,11.023664474487305,-3.02947998046875
4.380900417982931,1.5518014222716547,34.212394903994195,2.704486846923828,1.7400000095367432,4.03000020980835,-1.73446524143219
3.9582483519555245,0.6393266424201894,101.64012447309543,2.4900264739990234,1.9069769382476807,4.03000020980835,-2.5823609828948975
-1.400302445079383,1.5788397247353585,28.934266743807893,1.7725982666015625,1.8653607368469238,4.155709266662598,-0.08037672936916351
14.71996051221076,1.1334322607424077,53.4210760322084,1.6891918182373047,1.7954926490783691,4.441688537597656,0.10589198768138885
-12.066695059295746,1.6200364704628272,47.6464057878936,2.0324535369873047,2.095269203186035,5.736811637878418,-3.0873396396636963
-14.724280012335525,1.3885670769060239,86.1103430051935,1.7504615783691406,1.788341760635376,4.33195686340332,-3.113323450088501
-3.24220383807934,1.6496225327747247,11.069180321270435,1.500518798828125,1.7400000095367432,4.03000020980835,0.0020257108844816685
-18.646138380992614,1.1925971443964176,129.08911247862105,1.6818599700927734,2.080493450164795,4.95250129699707,-3.0546822547912598
