10.191081421188521,1.9377879260525122,30.128989520732386,1.668039321899414,0.6231534481048584,0.6000000238418579,2.067998170852661
9.776675519034937,1.92493098896763,30.82231523127711,1.7129096984863281,0.6450036764144897,0.6000000238418579,2.0619797706604004
5.136170966397375,1.966681801302169,25.726426143679493,1.6377811431884766,0.7464670538902283,0.6551477909088135,-2.702495574951172
-3.143290871069465,2.2248371888745497,47.88151053816219,1.69818115234375,1.7526081800460815,4.03000020980835,0.19390560686588287
-1.8436221648190432,2.1447283148001426,40.28233687488011,1.4234066009521484,1.7400000095367432,4.03000020980835,0.18565776944160461
-14.251462756964687,2.241155901472344,56.747812997184084,1.9575157165527344,2.0858006477355957,4.460952281951904,-2.973015069961548
-5.470452554388706,1.7791985512459194,13.754597600025507,1.409999966621399,1.8265392780303955,4.549857139587402,3.115953207015991
-4.448754779490437,2.304367151783204,55.820584056277404,1.4476909637451172,1.7400000095367432,4.03000020980835,0.19318389892578125
-12.80848960399973,2.2970548994686704,64.7209671948777,1.4329242706298828,2.253146171569824,4.03000020980835,-2.9564902782440186
-8.09069466094011,2.406621616275844,75.04479190127563,1.4584121704101562,1.7489420175552368,4.417762756347656,0.19374653697013855
-11.8347959179553,2.0828615425875405,41.19018300452049,2.106779098510742,2.512044906616211,4.3871917724609375,-2.9584269523620605
