6.7044962125977525,1.6340514677407785,105.99818436596735,2.0221385955810547,2.039243221282959,4.03000020980835,-0.009295186959207058
-0.06176341740937978,1.8875332728849794,67.21260489009762,1.6688613891601562,2.089006185531616,4.03000020980835,0.010681684128940105
-0.22821112113930192,1.7844976802427235,123.74821206830003,1.9714641571044922,1.9360065460205078,4.683773517608643,0.01319875754415989
3.051970366457202,1.905782442351758,65.18453597332591,1.6002025604248047,1.9894599914550781,4.03000020980835,-0.011445191688835621
3.4610840933164737,1.810664092996862,41.42441824597324,1.7945098876953125,2.023221015930176,4.712695121765137,0.009205447509884834
16.50284195840806,1.0466195773310771,95.32813040482787,1.409999966621399,1.7400000095367432,4.03000020980835,1.5618977546691895
17.469064695949605,0.9598296192571791,97.29939645410148,2.008575439453125,1.7400000095367432,4.03000020980835,-1.5713163614273071
2.504359898267528,1.675774377114229,114.50713085785159,1.667724609375,2.4900777339935303,4.645879745483398,-0.008373181335628033
-14.651908242957443,2.4429456761306927,37.608893812815154,1.6238689422607422,1.9949729442596436,4.03000020980835,-3.1181321144104004
6.41169226083993,1.501789953585172,136.36587404641458,3.543905258178711,3.620842456817627,7.5,0.008443870581686497
