0.0,581.1329345703125,290.105224609375,642.8408813476562,312.828369140625,11.807511011422001,-0.3908795837165311,97.33411537443507,1.9331092834472656,2.021533966064453,4.957935333251953,-1.2931303977966309
0.0,661.232177734375,293.73944091796875,697.775634765625,310.68707275390625,18.57423589447044,-0.6170778840106133,102.18707999116171,1.480234146118164,1.8723807334899902,4.1184515953063965,-2.9213674068450928
0.0,504.9046630859375,291.70263671875,557.9329833984375,314.195068359375,-22.418017533310042,1.8077224388419266,0.5970005776820684,1.612070083618164,1.8981306552886963,5.320600986480713,-2.217637062072754
0.0,362.1867980957031,298.3627014160156,412.64990234375,317.0159912109375,-5.581719689891972,0.09119806413975828,88.01306252240019,2.0053138732910156,1.7400000095367432,4.6090312004089355,-1.246349573135376
0.0,181.35549926757812,300.6925048828125,251.1644287109375,321.778564453125,-19.459717122239,0.3405478316549906,83.0975332795364,1.5438117980957031,1.7400000095367432,4.943030834197998,-1.2444579601287842
0.0,375.29217529296875,292.492431640625,437.3609619140625,318.3703918457031,-5.581719689891972,0.09119806413975828,88.01306252240019,2.0053138732910156,1.7400000095367432,4.6090312004089355,-1.246349573135376
0.0,146.30320739746094,301.08868408203125,199.0191650390625,321.22247314453125,-24.699727093134417,0.32579988251623826,90.3509112080762,1.6066932678222656,1.7400000095367432,4.03000020980835,-1.2333849668502808
0.0,242.76071166992188,302.12408447265625,297.1847229003906,319.34930419921875,-17.271138821821364,0.17843483476194377,92.89328387308144,1.409999966621399,1.7400000095367432,4.24215030670166,-1.2167463302612305
0.0,421.5843811035156,290.3440856933594,471.3388671875,315.4393310546875,-5.581719689891972,0.09119806413975828,88.01306252240019,2.0053138732910156,1.7400000095367432,4.6090312004089355,-1.246349573135376
0.0,49.986507415771484,301.48681640625,113.29371643066406,324.5809326171875,-28.324212368168794,0.5247398333568127,79.80108444399578,1.6239376068115234,1.7400000095367432,4.233299255371094,-1.2123268842697144
