0.0,610.7094116210938,251.075439453125,757.178955078125,399.1407775878906,4.617627998725518,1.7913324114217266,26.61434878624526,3.0854034423828125,2.5025086402893066,6.7865753173828125,-0.03716975077986717
0.0,653.302734375,310.7521057128906,808.3577270507812,422.7565002441406,4.331646366573353,1.7605041889293935,19.965595298457107,1.7976226806640625,1.896338939666748,4.118011474609375,-0.010210515931248665
1.0,16.191356658935547,320.5674743652344,62.478004455566406,404.85284423828125,-8.980931449878412,1.8244316932822673,22.530368031081863,1.6767501831054688,0.6363873481750488,0.6000000238418579,1.2869924306869507
1.0,53.798362731933594,319.6978759765625,110.0132064819336,404.77996826171875,-8.447944818820446,1.8856698452175298,23.45032650028469,1.7499847412109375,0.8478701710700989,0.7150825262069702,1.0735596418380737
1.0,352.672119140625,312.5453186035156,367.2121276855469,336.9819641113281,-10.411301136483395,1.9908829783985524,94.57513523686208,2.0643768310546875,1.1246917247772217,1.0444679260253906,-3.1283810138702393
1.0,0.0,309.372802734375,16.86611557006836,400.1799011230469,-9.98762490081604,1.7585704859998477,22.79886826462274,1.8394775390625,0.6000000238418579,0.6000000238418579,3.1218059062957764
1.0,178.15806579589844,314.71368408203125,201.6112518310547,359.634765625,-11.825132499890232,1.845273843926833,44.920226008392184,1.7914657592773438,0.8689431548118591,0.900248646736145,-1.3131380081176758
0.0,200.2652587890625,309.2144775390625,342.0853576660156,410.9504699707031,-4.273153594729851,1.8161221989136784,23.40100368972133,1.8880386352539062,1.9671735763549805,5.368908882141113,-3.1395461559295654
0.0,174.5295867919922,330.8558654785156,269.2139892578125,385.6672668457031,-7.412172190723672,1.946303702003024,31.981319819187426,1.409999966621399,1.7668102979660034,4.03000020980835,3.1396450996398926
0.0,755.7943725585938,319.0718994140625,960.0,503.56024169921875,4.377106111209523,1.7249179343301086,12.203642033230487,1.6490936279296875,1.7400000095367432,4.255745887756348,-0.017137572169303894
0.0,558.1268310546875,316.7160339355469,603.0308837890625,356.27740478515625,4.860003234152612,2.0362898885259506,55.382428112940005,1.8628463745117188,1.8287146091461182,5.051454544067383,-0.008932651951909065
0.0,343.84112548828125,318.19647216796875,410.3371276855469,374.4996643066406,-3.3610888209672907,1.863278904499115,36.263844966669794,1.6953964233398438,1.7579913139343262,4.6457414627075195,-3.1334381103515625
0.0,576.7664794921875,326.19903564453125,633.3974609375,365.64794921875,4.730457765144836,1.9321561827146825,43.176209523318,1.409999966621399,1.7400000095367432,4.03000020980835,0.002818443113937974
0.0,895.5057373046875,349.232177734375,960.0,566.3867797851562,4.377106111209523,1.7249179343301086,12.203642033230487,1.6490936279296875,1.7400000095367432,4.255745887756348,-0.017137572169303894
0.0,412.82666015625,300.766357421875,561.3289184570312,457.01116943359375,0.07646147837136674,1.6930986677951978,15.125718638602098,1.8368606567382812,1.7442190647125244,4.03000020980835,-0.006963326130062342
