1.0,372.31817626953125,305.3702392578125,382.76239013671875,318.29583740234375,-12.89083742032404,0.3164468352013341,137.79643144102195,1.5968608856201172,1.243499994277954,1.1231634616851807,-3.0853450298309326
1.0,301.6978759765625,305.3472900390625,322.7777099609375,338.2236328125,-6.87588327265016,1.6207284987920132,34.46205683102667,1.9910106658935547,2.032271385192871,4.03000020980835,-3.1233127117156982
1.0,384.4859924316406,305.2470397949219,392.4925842285156,317.96270751953125,-11.492328156656294,0.2746605703842038,137.28214401701484,1.5674400329589844,0.9731677174568176,0.7970116138458252,-3.039025068283081
0.0,535.131591796875,314.6380920410156,693.73486328125,438.8057861328125,1.806427720060602,1.5757304971239239,16.245326138085257,1.5873031616210938,1.7400000095367432,4.03000020980835,0.029727397486567497
0.0,212.22256469726562,302.9825439453125,302.3284912109375,371.19879150390625,-6.87588327265016,1.6207284987920132,34.46205683102667,1.9910106658935547,2.032271385192871,4.03000020980835,-3.1233127117156982
0.0,454.16717529296875,288.8465576171875,562.8167724609375,382.9487609863281,0.5491789844064519,1.436416255613914,26.20024638868337,2.0087032318115234,2.321803569793701,4.93042516708374,0.017634598538279533
0.0,345.29052734375,308.4884338378906,391.00640869140625,320.6169128417969,-13.343717887322482,0.5709715419195118,130.8289133929951,1.409999966621399,2.0037646293640137,4.9711103439331055,-1.85434889793396
0.0,398.8891296386719,303.115234375,431.1147766113281,317.53192138671875,-8.093459378085425,0.21651810630037382,135.00906768972922,1.7228527069091797,2.2878170013427734,4.199721813201904,0.5228574275970459
0.0,379.6065368652344,308.16473388671875,418.3311767578125,331.88507080078125,-5.347301016376551,1.0221857345939367,72.55547306510786,1.498464584350586,2.266824245452881,4.575424671173096,-3.119859218597412
2.0,629.2523193359375,288.15167236328125,658.5005493164062,338.79876708984375,6.897802515994534,0.9675822187555185,47.15002690985247,2.1242294311523438,1.0613561868667603,1.144225001335144,0.01502637192606926
