0.0,251.07061767578125,273.6934814453125,370.181396484375,353.3354187011719,-7.153264993016236,1.3885723149458888,49.08534455966405,11.425291061401367,3.312042474746704,3.097039222717285,3.139558792114258
0.0,475.40673828125,301.7138671875,498.7117614746094,328.7861633300781,0.695073706570954,1.079505099199462,110.37309070256114,4.03000020980835,2.241471529006958,2.631114959716797,0.025763235986232758
1.0,491.9018249511719,310.9830017089844,505.5758056640625,333.35235595703125,1.4913471344050997,1.23055918001779,87.79555392762238,0.618293046951294,0.9702494144439697,1.7554025650024414,-0.2047935128211975
1.0,535.7649536132812,311.60791015625,608.9495239257812,428.51373291015625,1.3671205571937026,1.5954034313400622,16.483884205864612,0.6000000238418579,0.9020988941192627,1.6831483840942383,-2.728839874267578
1.0,436.88665771484375,309.1852111816406,449.0753173828125,327.4787902832031,-3.846542439815206,1.017411118158876,116.22104881461225,0.915614128112793,0.8825801610946655,1.8988752365112305,-2.219306468963623
1.0,215.50228881835938,305.9529113769531,240.446533203125,347.08099365234375,-10.655724872323772,1.2340028340307476,47.12578051486638,0.6296880841255188,0.8316789865493774,1.7254114151000977,2.906858444213867
1.0,607.8861083984375,279.18572998046875,678.8319702148438,404.04779052734375,2.8267069211713616,1.440730063234972,19.211570606595142,0.88068026304245,0.9451477527618408,2.082463264465332,-2.1587438583374023
1.0,43.46311569213867,291.2034606933594,72.64437103271484,365.14227294921875,-11.951969891256484,1.332247023156403,31.568570177128272,0.6000000238418579,0.6000000238418579,2.0752363204956055,0.02358892746269703
1.0,403.5439453125,310.9013366699219,414.6822204589844,333.2710266113281,-5.898028640261925,1.293469897058639,92.84211312324601,0.8828388452529907,0.7465124726295471,1.8559026718139648,1.707648754119873
1.0,372.9818115234375,312.47198486328125,383.9452209472656,326.2571716308594,-11.526543776526044,0.9719898068106028,126.62937346083041,0.6000000238418579,1.222157597541809,1.561995506286621,-3.064202070236206
1.0,115.67501831054688,299.462890625,140.86398315429688,356.4228820800781,-11.889517192022218,1.2980277803243028,37.67528345183362,0.6399255990982056,0.6977877020835876,1.9082059860229492,-1.5336241722106934
1.0,681.6963500976562,292.74346923828125,707.091064453125,344.33319091796875,8.087667870310357,0.997007736724355,41.990495951461895,0.6149162650108337,0.8296880722045898,1.9298763275146484,0.030775267630815506
1.0,139.7870635986328,306.7677307128906,159.5977325439453,355.8802795410156,-11.38212132352767,1.3033786636369242,38.38940503326561,0.6000000238418579,0.6000000238418579,1.6758842468261719,-2.745225429534912
1.0,195.27330017089844,298.8614501953125,229.4671173095703,353.1552734375,-9.966134485610315,1.3069693702584542,41.52127075121396,0.9057967066764832,0.9709776639938354,1.999171257019043,3.014857530593872
0.0,395.5318603515625,304.5753173828125,412.1658935546875,327.3908996582031,-5.898028640261925,1.293469897058639,92.84211312324601,0.8828388452529907,0.7465124726295471,1.8559026718139648,1.707648754119873
0.0,474.96759033203125,310.36669921875,497.00927734375,330.3387451171875,0.5899944488732565,1.1535536307109768,103.56467945356744,4.03000020980835,2.007457971572876,1.8184633255004883,0.0015396972885355353
