0.0,529.9276123046875,264.57757568359375,592.6504516601562,345.45172119140625,4.2605582928844425,1.3187206225774544,57.97079011898076,8.457109451293945,2.792593479156494,3.9059953689575195,-0.017321787774562836
0.0,472.76873779296875,269.46954345703125,565.01025390625,363.56573486328125,1.4024162549414347,1.4405878527743643,40.231044339754405,9.5,2.940930128097534,3.0,-0.013398189097642899
1.0,597.6690673828125,305.86212158203125,618.4854125976562,336.81817626953125,7.510541493830747,1.0810149644544005,63.85877941647058,0.7427800893783569,0.9789415597915649,1.764073371887207,-2.8701696395874023
1.0,629.8868408203125,308.3056945800781,644.3508911132812,332.4235534667969,9.98889241256485,0.9073481896778228,69.49732860338177,0.6000000238418579,0.8611487150192261,1.5,-0.08310193568468094
1.0,584.48974609375,307.43927001953125,601.5480346679688,334.9021911621094,7.665006446760157,1.1209637823955336,73.63063622857105,0.6610531210899353,0.9087074995040894,1.804952621459961,2.4490396976470947
1.0,645.3890380859375,300.9859619140625,666.325439453125,334.33721923828125,10.13072224612296,0.9273484986904639,63.10901426683316,1.0638607740402222,1.0585858821868896,1.8760309219360352,3.0981240272521973
1.0,613.9200439453125,306.86907958984375,626.84765625,333.31298828125,8.949175162087606,0.9634311822198116,69.54314189683626,0.6000000238418579,0.7708452343940735,1.6459226608276367,-0.0732128918170929
0.0,339.63714599609375,318.1925964355469,400.1446533203125,364.8333740234375,-3.8095339275270512,1.586306054076352,40.1387175715964,4.785285949707031,1.7595012187957764,1.5624713897705078,-3.13094425201416
0.0,253.9942626953125,321.87042236328125,314.600830078125,365.73699951171875,-7.773234807494689,1.8492079725249555,45.119333179881856,4.054050445556641,1.7400000095367432,1.6693649291992188,3.140169143676758
0.0,279.7435302734375,318.98651123046875,330.8423767089844,359.4073486328125,-7.841235324308574,1.824513966088907,51.01117004811804,4.03000020980835,1.7400000095367432,1.760732650756836,-3.133786916732788
0.0,0.0,269.971435546875,289.29083251953125,509.0919189453125,-3.9442687469649442,1.781538633551405,13.518215299803185,6.141852378845215,2.1626431941986084,2.241583824157715,3.1234383583068848
0.0,357.5675354003906,252.27413940429688,537.1892700195312,436.9313049316406,-0.3108160200172566,1.6126837634893616,17.897343141136034,5.401559352874756,2.457620143890381,2.515700101852417,-0.034896042197942734
0.0,299.72003173828125,303.44561767578125,361.0076904296875,353.13531494140625,-7.699065927736055,1.7787237818834543,58.813305179567536,5.011999130249023,2.552760601043701,2.515700101852417,3.1386282444000244
