2.0,188.15045166015625,329.26788330078125,209.6532440185547,347.55926513671875,-23.259709736190985,2.6472900051131685,91.31912016530329,1.6847537755966187,0.5435038805007935,1.4788436889648438,-1.3595800399780273
2.0,179.98599243164062,329.2778015136719,211.59385681152344,347.45947265625,-23.685783531746992,2.654733424295653,91.99104646636124,2.5032999515533447,0.5499844551086426,1.4742507934570312,-1.3679379224777222
2.0,166.91726684570312,331.3557434082031,190.78533935546875,347.67034912109375,-25.47494436467202,2.7100535985029666,93.37762977297261,1.8671600818634033,0.6228270530700684,1.3354949951171875,-1.1676685810089111
2.0,142.01522827148438,331.19207763671875,165.59271240234375,347.26922607421875,-28.869431035176376,2.8066861677738952,97.75053413922237,1.9804326295852661,0.5,1.3846778869628906,-1.2857787609100342
1.0,305.1868896484375,321.0966491699219,322.77166748046875,348.22149658203125,-12.889991399824481,2.519730506743274,85.3438498933733,0.9068945050239563,0.9755703806877136,2.0602035522460938,-2.162804365158081
1.0,507.4808349609375,317.2825927734375,513.1063842773438,330.35308837890625,4.023790547241087,1.7222612407155578,125.7347236998271,1.1153271198272705,1.079493761062622,2.1345999240875244,-0.005198920611292124
1.0,512.284423828125,311.5217590332031,522.0689697265625,330.482177734375,4.023790547241087,1.7222612407155578,125.7347236998271,1.1153271198272705,1.079493761062622,2.1345999240875244,-0.005198920611292124
0.0,377.7886962890625,321.53076171875,416.8094787597656,345.337890625,-6.226058775487606,2.1691330648629936,82.45674764795292,4.526748180389404,2.46168851852417,1.6742362976074219,3.129685878753662
0.0,346.1488037109375,316.1916809082031,380.925537109375,346.76910400390625,-8.93416272236716,2.326918775587141,84.29812903130151,4.428987503051758,2.102099895477295,2.2386474609375,3.13572096824646
0.0,418.41143798828125,312.8580322265625,440.7533874511719,336.5592041015625,-5.32229174854385,2.1435701455916774,113.96130212699855,4.3596906661987305,2.0816266536712646,2.3774070739746094,-3.1330838203430176
0.0,898.7100219726562,297.8077697753906,960.0,398.8131103515625,8.59709066967968,1.1645200729235903,16.529276782176126,4.03000020980835,1.991018295288086,1.4176673889160156,-1.5892572402954102
0.0,243.42149353027344,316.3872985839844,284.95281982421875,337.38092041015625,-26.74902769357129,2.67576897972679,136.5814814662954,4.429467678070068,2.3380355834960938,2.515700101852417,2.295889377593994
0.0,391.9389953613281,321.805419921875,518.7898559570312,419.0354919433594,-0.45433634995995614,1.7301500047236318,20.829361115985403,4.4587297439575195,2.1193532943725586,1.5829277038574219,0.015822501853108406
0.0,264.0792541503906,317.8226318359375,305.00103759765625,337.0945739746094,-23.81568242852603,2.5963044467933223,134.19781172741145,4.639986038208008,1.7400000095367432,2.2620010375976562,2.3076329231262207
0.0,77.42726135253906,321.47247314453125,140.9793701171875,358.25531005859375,-26.265092093679193,2.924648304727386,78.17364584942274,5.362454414367676,2.2441866397857666,2.4629783630371094,-2.390312671661377
0.0,23.769277572631836,330.4859924316406,122.80390930175781,364.48614501953125,-19.28314901913174,2.2351400700134914,52.49555404638449,4.03000020980835,1.7477850914001465,1.4753532409667969,-0.838217556476593
0.0,0.0,322.120361328125,31.145870208740234,381.8791198730469,-17.627885286665073,2.171672897072355,43.81689240428958,4.03000020980835,1.7400000095367432,1.995819091796875,-1.59725022315979
0.0,790.5413818359375,277.60784912109375,960.0,377.4305725097656,9.770764007733654,1.2167178371448184,22.703192952130983,6.386684894561768,1.9651460647583008,1.9566192626953125,-2.0205914974212646
0.0,0.0,319.3155517578125,94.02772521972656,371.41937255859375,-17.627885286665073,2.171672897072355,43.81689240428958,4.03000020980835,1.7400000095367432,1.995819091796875,-1.59725022315979
