1.0,266.21954345703125,321.304931640625,279.9629821777344,339.9521484375,-22.909293115605383,2.624566135248403,122.83509931340849,2.0428714752197266,1.243499994277954,1.4164999723434448,3.1369543075561523
1.0,237.56219482421875,321.6481018066406,249.5961151123047,345.52703857421875,-20.27247647457034,2.5128840049508696,95.1212541867154,2.0339393615722656,0.8773049116134644,0.7165975570678711,-3.1316769123077393
0.0,361.0244445800781,316.6419982910156,416.0304870605469,361.3829040527344,-3.68255705361345,1.763275473657051,45.28670062149866,1.7368965148925781,1.9277946949005127,4.03000020980835,0.007401125971227884
0.0,156.67752075195312,329.0435791015625,216.18124389648438,348.24578857421875,-24.060224755728374,2.6061270482624956,90.98843849952875,1.5277729034423828,1.7400000095367432,4.4099626541137695,-1.580671787261963
0.0,425.52252197265625,332.0497131347656,553.715087890625,441.1832275390625,0.06604568816934012,1.6946698094325392,17.322357075177347,1.409999966621399,1.7400000095367432,4.49031925201416,0.0328824520111084
0.0,411.3841857910156,318.5373229980469,436.92327880859375,342.3836669921875,-4.403348000498175,2.0298491190525896,88.00504867941399,1.8284492492675781,1.8234574794769287,4.424769401550293,0.008225623518228531
0.0,275.60333251953125,322.9292297363281,323.58660888671875,350.0164794921875,-10.958528519728391,1.9876736243456246,67.72923577528397,1.5508995056152344,2.164303779602051,5.186089515686035,-3.1222293376922607
0.0,0.0,296.16064453125,201.278076171875,575.1773071289062,-4.112271280791203,1.6846446895378766,9.826789099797653,1.8122100830078125,1.919420838356018,5.506261348724365,0.006020950153470039
0.0,314.1474914550781,326.30255126953125,390.0173645019531,379.62957763671875,-3.6472755029962562,1.728126246930807,32.2376836851309,1.409999966621399,1.7400000095367432,4.03000020980835,0.0033935958053916693
2.0,519.9302978515625,324.7042236328125,534.7158813476562,341.13861083984375,3.530811522511058,1.8609763487937288,82.74442717479224,1.2156000137329102,0.47909998893737793,1.0786999464035034,1.5743074417114258
