1.0,271.0041809082031,330.05035400390625,293.70068359375,369.22149658203125,-7.691631554537933,1.9762179315869808,43.464333842163555,1.0319225788116455,0.7184278964996338,1.5,-3.113980293273926
0.0,500.2053527832031,313.9294128417969,510.2960205078125,322.5019836425781,2.345017290961568,1.423068387854459,137.23448590945512,4.03000020980835,1.8383007049560547,1.4642829895019531,0.024634739384055138
0.0,671.4385375976562,330.8487548828125,960.0,640.0,2.702918238767062,1.7925733360067762,7.942858605608977,4.615973472595215,1.7400000095367432,1.675063133239746,0.03328939527273178
0.0,0.0,329.6187744140625,140.71316528320312,530.3994750976562,-5.104645510274694,1.8768312625286219,11.597170304189294,4.452231407165527,1.7400000095367432,1.7332696914672852,-0.006682924460619688
0.0,376.2850646972656,320.1939392089844,411.76739501953125,351.30316162109375,-5.291260079637207,2.016532752941638,69.39394459923979,4.03000020980835,1.8428189754486084,1.8767614364624023,-0.007597299292683601
0.0,567.391845703125,336.82763671875,766.290771484375,493.5440673828125,2.141496806899472,1.8293073906331925,13.986407177196035,4.77169132232666,1.945521593093872,1.5533838272094727,-0.04968113824725151
0.0,420.35302734375,316.64483642578125,517.274658203125,404.0946960449219,-0.15108324061382186,1.7933289386658908,25.156006473425418,4.03000020980835,1.9413254261016846,1.8154144287109375,-0.04540320485830307
0.0,116.21475219726562,325.3707275390625,272.4482421875,431.0087585449219,-5.2671458349341975,1.9201924444511165,21.19205668726946,4.60882568359375,1.7400000095367432,1.7655620574951172,-0.0054535153321921825
0.0,334.9879150390625,321.9866943359375,390.9637145996094,363.16217041015625,-5.151665742716312,1.935128395665184,49.74002666084711,4.101242542266846,2.0701329708099365,1.7500524520874023,0.0071921623311936855
0.0,426.0155029296875,309.6646423339844,445.5471496582031,329.40545654296875,-5.600604680160756,1.4464888002398673,143.35417830984318,4.03000020980835,2.257028102874756,2.500333786010742,-0.01725940778851509
0.0,369.3802795410156,326.15911865234375,404.4413146972656,354.63433837890625,-5.204698664063424,2.0075835785810487,63.00969414819012,4.03000020980835,1.7400000095367432,1.531942367553711,0.03071914054453373
0.0,505.0879821777344,320.718017578125,536.4064331054688,349.302001953125,2.55413271833168,1.8958695877601666,69.41879220059106,4.03000020980835,1.8168833255767822,1.7225065231323242,0.001988769043236971
0.0,398.59173583984375,324.40985107421875,424.35986328125,343.6312255859375,-5.321493117487634,1.9701626855099952,87.56011454306079,4.03000020980835,1.7400000095367432,1.455587387084961,-0.0029031257145106792
