452.51123046875,290.25042724609375,485.26666259765625,314.358642578125
450.1283874511719,355.8492431640625,481.5125427246094,434.1783142089844
201.14202880859375,269.5086669921875,261.99285888671875,302.2497863769531
610.9083862304688,282.24365234375,707.0595703125,441.57965087890625
722.774658203125,238.79730224609375,788.9847412109375,377.4293518066406
460.2397766113281,273.7017822265625,495.99700927734375,339.83984375
19.340282440185547,286.4752197265625,35.03831100463867,310.5783386230469
101.66508483886719,282.921630859375,119.13751220703125,313.8611145019531
0.0,308.8512878417969,173.02706909179688,435.2508544921875
261.6788635253906,280.10040283203125,320.2547607421875,304.80816650390625
306.6309814453125,288.0211181640625,347.2543029785156,315.06689453125
46.75347137451172,291.5852355957031,129.72470092773438,339.19854736328125
133.3374786376953,285.53192138671875,245.45455932617188,362.3005676269531
240.10682678222656,290.0927734375,283.8603820800781,319.8230285644531
316.547119140625,223.65196228027344,438.1127014160156,360.8587646484375
