440.3162536621094,286.1175842285156,523.7327270507812,376.659912109375
284.6520080566406,308.87738037109375,380.4555358886719,386.7228698730469
549.7887573242188,326.945556640625,565.3251342773438,355.96466064453125
230.61093139648438,340.3901672363281,323.98095703125,400.56085205078125
642.6826782226562,332.3292541503906,831.9152221679688,470.22637939453125
605.053955078125,339.99237060546875,734.3767700195312,425.66107177734375
570.6577758789062,330.74639892578125,636.2474975585938,388.9674377441406
0.0,313.26226806640625,76.29247283935547,510.75927734375
581.0555419921875,339.0440368652344,664.8837890625,403.58941650390625
595.3347778320312,321.7000732421875,614.6796875,336.2611389160156
30.975208282470703,334.0767822265625,232.02093505859375,457.89483642578125
349.6875,329.6121826171875,402.38818359375,361.743408203125
403.5669860839844,319.6341247558594,526.393310546875,425.2507019042969
150.1404571533203,343.98797607421875,273.4930725097656,420.1845703125
