414.2582092285156,281.15692138671875,451.58917236328125,323.6949157714844
353.6366882324219,307.6244812011719,365.13531494140625,324.5419921875
865.8904418945312,313.23150634765625,960.0,353.26226806640625
528.2240600585938,319.8925476074219,580.7930908203125,352.3583984375
495.9701232910156,303.5146789550781,516.7095947265625,321.25177001953125
120.91128540039062,315.4854736328125,188.216064453125,335.81304931640625
483.7758483886719,305.92626953125,505.84259033203125,323.2493591308594
414.5802001953125,314.54888916015625,439.53802490234375,333.59869384765625
179.22097778320312,313.2733154296875,249.18960571289062,333.09149169921875
0.0,308.5852355957031,51.894081115722656,335.0504150390625
0.0,335.01190185546875,60.796974182128906,442.734375
398.0254821777344,313.8023376464844,429.99127197265625,340.2508544921875
356.0210266113281,316.00457763671875,410.4631652832031,352.29034423828125
320.9429016113281,313.20953369140625,362.7386169433594,343.4676513671875
69.89485168457031,310.3840637207031,144.03021240234375,333.07318115234375
