569.5315551757812,308.55133056640625,586.859619140625,331.1915588378906
587.3233642578125,307.8219909667969,599.0458374023438,330.32293701171875
299.7757568359375,316.8138427734375,313.60919189453125,338.0972900390625
0.0,327.1614990234375,83.70178985595703,427.133544921875
469.0520935058594,311.8568420410156,491.87493896484375,329.9615478515625
518.0567016601562,312.47174072265625,551.753662109375,339.5787048339844
438.1502380371094,321.6551208496094,519.1224365234375,387.62335205078125
626.4117431640625,301.7254943847656,912.3403930664062,510.37713623046875
467.50262451171875,308.49737548828125,484.05120849609375,325.0345458984375
499.7147521972656,308.962646484375,523.1221923828125,326.5116882324219
