672.27880859375,301.1227722167969,710.2703857421875,332.06396484375
303.8096923828125,314.27728271484375,322.83160400390625,361.4067077636719
582.5368041992188,312.88031005859375,603.6038208007812,327.6597595214844
641.9454345703125,314.77752685546875,666.1526489257812,331.22930908203125
399.6929931640625,316.90667724609375,556.921875,433.7138366699219
84.54974365234375,336.15911865234375,342.1634521484375,465.496826171875
804.3938598632812,305.1559143066406,885.4915161132812,342.44268798828125
699.0634155273438,310.17236328125,740.0213623046875,341.1763000488281
488.636962890625,312.4041442871094,575.9915161132812,392.96539306640625
307.56732177734375,317.65350341796875,381.6011962890625,342.220703125
