155.867431640625,298.8775634765625,253.91644287109375,322.78192138671875
34.025177001953125,302.847412109375,76.2566909790039,327.3114013671875
384.664794921875,313.61651611328125,406.17926025390625,348.74169921875
205.87496948242188,307.97772216796875,214.7288818359375,324.7740173339844
955.5031127929688,278.77850341796875,960.0,300.9193115234375
833.97509765625,292.6231689453125,860.3936157226562,337.14990234375
412.13055419921875,309.3763427734375,426.93524169921875,340.2401123046875
929.360107421875,283.5116882324219,945.1649780273438,320.84564208984375
333.19720458984375,309.0814208984375,350.91656494140625,339.68560791015625
941.8609008789062,288.73968505859375,960.0,321.5138244628906
13.437612533569336,312.85101318359375,25.084632873535156,326.9630432128906
5.258783340454102,312.4046630859375,17.53390121459961,334.90386962890625
950.4593505859375,270.5548095703125,960.0,292.37939453125
0.0,374.1017150878906,6.981588363647461,640.0
96.41607666015625,314.4635009765625,132.38665771484375,328.14666748046875
65.5294418334961,315.0671691894531,88.99363708496094,332.63818359375
109.40803527832031,312.9246826171875,336.5240478515625,489.02337646484375
235.8335418701172,292.39312744140625,310.45147705078125,345.15191650390625
