611.3624877929688,320.029052734375,635.411865234375,366.363525390625
12.151582717895508,298.392333984375,162.2225341796875,342.5386047363281
0.0,333.90997314453125,557.9902954101562,640.0
486.11688232421875,308.8572998046875,576.8839111328125,341.72906494140625
721.3952026367188,307.75628662109375,796.7189331054688,334.56976318359375
420.40478515625,314.718994140625,538.6021728515625,350.44439697265625
286.3035888671875,308.4768981933594,396.2735900878906,345.28350830078125
376.73553466796875,304.66766357421875,468.7752380371094,341.3546142578125
577.0933837890625,314.4858093261719,678.50732421875,345.2296447753906
159.21218872070312,303.9837951660156,275.43646240234375,344.1402587890625
