745.864501953125,297.37811279296875,778.446044921875,368.0367431640625
441.929931640625,332.28448486328125,452.60498046875,346.1885986328125
0.0,305.2041015625,40.381126403808594,400.12933349609375
755.8070068359375,320.52008056640625,822.5018310546875,427.78173828125
465.8865051269531,332.69525146484375,477.4142150878906,349.4022216796875
675.0056762695312,317.29193115234375,704.199462890625,370.85113525390625
817.5411376953125,310.5600280761719,851.9610595703125,372.3306884765625
428.47662353515625,337.4210205078125,468.77374267578125,349.4537353515625
533.1849365234375,335.6307373046875,560.83837890625,352.77716064453125
511.112548828125,339.0010986328125,538.146728515625,350.6126403808594
91.02896118164062,329.4721984863281,162.85134887695312,354.76141357421875
352.99090576171875,331.28753662109375,441.8071594238281,358.315185546875
569.9422607421875,337.4699401855469,771.1691284179688,445.4093933105469
70.76876831054688,322.24603271484375,145.8610076904297,354.2576599121094
172.0320281982422,328.5223388671875,259.35650634765625,356.75653076171875
