0.0,372.98974609375,73.6762466430664,451.39703369140625
0.0,368.9656066894531,54.14061737060547,460.1650390625
0.0,362.71490478515625,92.28216552734375,444.92181396484375
133.68307495117188,344.8370361328125,218.0909423828125,400.4148864746094
246.6928253173828,310.3286437988281,284.4096984863281,370.5598449707031
383.91436767578125,304.49761962890625,411.2459411621094,338.018798828125
497.43646240234375,304.4238586425781,527.2698974609375,368.3433532714844
37.62574768066406,307.92901611328125,65.37323760986328,343.01666259765625
562.52490234375,308.17779541015625,829.4580078125,509.53668212890625
896.99267578125,356.612548828125,960.0,640.0
461.27764892578125,323.8665771484375,606.2342529296875,433.46380615234375
438.2625732421875,321.5751647949219,524.1483764648438,397.5067138671875
0.0,264.64996337890625,55.21208953857422,343.923095703125
