717.5612182617188,319.8013916015625,746.549072265625,374.76470947265625
405.4969177246094,328.8282775878906,455.27960205078125,371.41754150390625
383.1050720214844,321.25494384765625,443.8984069824219,379.800048828125
219.1636199951172,314.7000732421875,380.3805236816406,443.53271484375
719.42236328125,353.6369323730469,960.0,580.3894653320312
62.82728576660156,318.608154296875,336.5785827636719,518.179931640625
0.0,297.0843200683594,182.0323486328125,640.0
561.3226318359375,320.70684814453125,615.8827514648438,366.8829345703125
473.03106689453125,322.6066589355469,491.67034912109375,338.94866943359375
353.1188659667969,332.4501953125,425.69024658203125,390.83709716796875
600.989501953125,326.01007080078125,693.449951171875,407.7486572265625
