0.0,280.1882629394531,92.18782806396484,313.2400817871094
72.72823333740234,283.8274841308594,163.3408203125,334.1423034667969
0.0,262.83740234375,37.97023391723633,310.5498046875
305.70330810546875,314.1850280761719,345.05511474609375,329.3217468261719
0.0,328.71124267578125,130.6609649658203,392.367919921875
334.26727294921875,318.7508544921875,366.2445068359375,329.5689392089844
243.26043701171875,310.64727783203125,293.7517395019531,327.34857177734375
282.6155090332031,315.03277587890625,326.6023864746094,329.5546875
253.24789428710938,307.8714599609375,302.6131591796875,328.6738586425781
22.215557098388672,276.480712890625,123.77745056152344,312.2101135253906
319.3499755859375,320.31640625,353.8277587890625,332.4900817871094
290.1219177246094,313.4398193359375,332.35186767578125,330.0052490234375
185.968994140625,284.89385986328125,247.98886108398438,320.42535400390625
54.00276184082031,260.8062744140625,149.66282653808594,313.703369140625
460.33697509765625,328.2186279296875,478.72222900390625,343.56268310546875
0.0,275.46435546875,66.3205337524414,310.552978515625
208.92837524414062,306.7993469238281,266.3173828125,325.4710388183594
