633.610595703125,314.79864501953125,654.4536743164062,351.0308837890625
801.4113159179688,309.286865234375,850.4379272460938,384.83953857421875
602.52880859375,321.313232421875,629.2461547851562,350.121826171875
760.7615966796875,312.0382385253906,796.7471923828125,368.0476379394531
865.1417846679688,313.9859619140625,909.2523193359375,389.9592590332031
724.3367309570312,318.4013671875,755.3070068359375,381.6819763183594
607.02880859375,321.5963134765625,625.7247314453125,351.4851379394531
681.9237060546875,307.572021484375,702.1817016601562,347.8489685058594
649.6636352539062,311.46319580078125,669.1915283203125,349.5159912109375
664.6533203125,318.05792236328125,678.8194580078125,346.4151611328125
99.46585083007812,313.3537292480469,327.1886291503906,461.30377197265625
337.673828125,310.9399719238281,381.3924865722656,349.09234619140625
531.8074340820312,317.986572265625,556.0927124023438,341.42364501953125
511.30474853515625,319.6787109375,526.8163452148438,335.4997253417969
525.7534790039062,320.82830810546875,549.3707275390625,338.24676513671875
469.5511779785156,310.85791015625,504.4591064453125,349.086669921875
718.29833984375,335.69671630859375,934.70556640625,457.1444091796875
552.8167114257812,322.71490478515625,599.6351928710938,355.10003662109375
0.0,341.83721923828125,88.65320587158203,454.27734375
391.9030456542969,320.340576171875,417.53375244140625,339.681640625
702.4144287109375,311.3525390625,820.1141357421875,358.187255859375
313.7999572753906,325.8360290527344,403.4115295410156,387.4312744140625
538.383544921875,317.36016845703125,570.1395263671875,345.478515625
431.0787658691406,298.5426330566406,468.93646240234375,338.98291015625
