42.04810333251953,303.90911865234375,88.42071533203125,339.792724609375
251.61697387695312,316.2387390136719,271.284423828125,343.5823059082031
13.272947311401367,317.7177429199219,27.751930236816406,337.72674560546875
300.3558349609375,316.9447021484375,318.9788818359375,352.6811218261719
269.6308288574219,317.2201232910156,284.2124938964844,345.1993408203125
0.0,324.572998046875,8.266207695007324,344.3978271484375
291.53997802734375,310.7708435058594,309.35089111328125,348.42584228515625
237.47982788085938,313.8922424316406,248.7239990234375,334.61761474609375
349.628662109375,312.4195556640625,372.8393249511719,361.6087341308594
279.6822204589844,320.98016357421875,292.6232604980469,343.9990234375
241.87152099609375,313.9794921875,254.72808837890625,336.57440185546875
201.88864135742188,310.55902099609375,224.04354858398438,337.5189208984375
85.40520477294922,315.7391662597656,114.46345520019531,339.0789794921875
508.8345947265625,313.8376159667969,564.6743774414062,334.2784118652344
107.01866149902344,318.3227844238281,128.5186309814453,334.31280517578125
186.80955505371094,318.44036865234375,198.5015106201172,327.64288330078125
69.35081481933594,320.45416259765625,104.07106018066406,343.18670654296875
102.37714385986328,318.7286071777344,121.40078735351562,336.02899169921875
124.55577087402344,318.0098876953125,144.1466522216797,331.4537048339844
155.49285888671875,303.28472900390625,187.63638305664062,337.8902587890625
