427.573974609375,295.0970458984375,463.0494079589844,322.24365234375
751.9893798828125,225.655517578125,960.0,417.28631591796875
346.1980895996094,308.4831237792969,355.56903076171875,324.47265625
714.7735595703125,293.2487487792969,732.97802734375,329.7062683105469
13.986600875854492,312.28900146484375,44.63365173339844,369.11065673828125
353.0453186035156,307.9829406738281,362.9357604980469,323.6435546875
728.3190307617188,304.5010070800781,747.8256225585938,339.66058349609375
333.921630859375,309.4912109375,343.3126220703125,326.05096435546875
398.0103454589844,305.65087890625,412.76025390625,329.7605895996094
530.55712890625,307.85113525390625,563.571044921875,325.54193115234375
0.0,314.70550537109375,82.52983093261719,369.1971435546875
442.14031982421875,315.0313720703125,562.1807250976562,401.59051513671875
402.8782043457031,310.11419677734375,424.1739501953125,322.86102294921875
373.19189453125,309.21417236328125,402.4883728027344,328.2353210449219
394.95001220703125,310.2987365722656,418.57244873046875,325.72320556640625
873.2880859375,220.91152954101562,960.0,466.89630126953125
