528.9892578125,302.7545166015625,560.4361572265625,328.74542236328125
678.5488891601562,312.21923828125,696.521240234375,335.81817626953125
767.107666015625,309.9539489746094,789.9348754882812,342.92791748046875
629.0294189453125,313.53497314453125,640.898193359375,331.1934814453125
326.3796081542969,328.64013671875,421.7342529296875,388.96453857421875
461.3804931640625,313.3657531738281,483.34747314453125,333.6048889160156
437.25860595703125,314.4112548828125,453.0901794433594,329.9857177734375
330.57061767578125,315.8022766113281,363.31182861328125,328.8658142089844
0.0,360.09881591796875,86.17044830322266,640.0
590.40673828125,317.85504150390625,635.6065673828125,351.4083251953125
216.78408813476562,323.9845275878906,322.7212219238281,385.50689697265625
677.4343872070312,332.02783203125,783.221923828125,389.162353515625
577.6411743164062,330.91455078125,672.6045532226562,393.75738525390625
407.85211181640625,316.62469482421875,433.6363525390625,336.13458251953125
425.210693359375,321.83282470703125,469.2170104980469,346.4554443359375
806.025390625,351.4599609375,960.0,614.4345092773438
