358.03741455078125,320.91162109375,374.8871765136719,346.1528015136719
536.5372314453125,321.9471740722656,551.9395141601562,351.74798583984375
570.2267456054688,320.88690185546875,606.0878295898438,370.75872802734375
556.443603515625,323.431640625,582.0996704101562,375.15069580078125
407.88897705078125,327.05865478515625,428.0256042480469,341.60711669921875
0.0,338.3797607421875,43.207969665527344,368.0155944824219
242.47584533691406,333.9268493652344,324.3016357421875,384.4305419921875
116.33415985107422,331.3670349121094,172.464111328125,355.80902099609375
257.799560546875,320.7373046875,340.1544189453125,374.96368408203125
413.24029541015625,317.25823974609375,441.1399230957031,339.0406799316406
19.473007202148438,327.44964599609375,69.22246551513672,358.3670654296875
37.36436080932617,344.443603515625,200.54486083984375,432.8138732910156
457.1366271972656,322.5738525390625,496.2053527832031,359.66607666015625
148.19534301757812,327.90093994140625,281.0537414550781,406.11273193359375
302.0361328125,324.7474670410156,362.63018798828125,367.5692138671875
385.616943359375,329.51470947265625,412.4084167480469,348.935546875
68.33261108398438,332.543701171875,121.0985107421875,357.11175537109375
365.244140625,330.2117919921875,403.4670104980469,353.0946350097656
