749.2703247070312,305.718017578125,792.6541137695312,378.862548828125
361.5932922363281,315.98291015625,394.93743896484375,339.41033935546875
520.8726806640625,308.9364929199219,536.909423828125,330.2317810058594
16.067665100097656,310.2214050292969,185.10743713378906,417.2762451171875
273.3191833496094,306.78472900390625,313.3905029296875,326.2225341796875
532.903564453125,313.3182373046875,564.5112915039062,338.91412353515625
228.44900512695312,308.07269287109375,301.9845275878906,333.4107971191406
0.0,337.2349548339844,75.72566223144531,510.4219970703125
132.94601440429688,325.21478271484375,251.14019775390625,393.21112060546875
586.3951416015625,313.26220703125,626.4846801757812,326.2713623046875
411.4073791503906,300.5707092285156,458.514892578125,343.2246398925781
395.33367919921875,318.31060791015625,417.83575439453125,334.2201232910156
508.306640625,309.3817138671875,530.2473754882812,330.578369140625
