548.5691528320312,303.34490966796875,566.84619140625,333.40606689453125
557.9618530273438,302.93170166015625,568.8967895507812,328.9261474609375
460.5892028808594,310.0477600097656,480.0258483886719,333.15948486328125
471.80169677734375,306.38311767578125,485.5050048828125,333.70263671875
577.9854125976562,302.42132568359375,597.5023803710938,327.497314453125
562.1080322265625,303.8778991699219,584.734375,327.7044677734375
0.0,323.0055236816406,91.38690185546875,382.39019775390625
0.0,312.82733154296875,8.113973617553711,390.5106201171875
78.1163558959961,322.5160217285156,192.73675537109375,363.0645751953125
0.0,326.97198486328125,50.397010803222656,387.9339599609375
477.4700927734375,282.118408203125,523.907958984375,331.71990966796875
515.5382080078125,311.968994140625,543.6949462890625,349.0555419921875
