610.6339721679688,300.46728515625,672.0035400390625,339.7708740234375
0.40247297286987305,316.5576171875,40.76667785644531,384.4757080078125
63.758628845214844,307.8023986816406,97.71415710449219,384.37506103515625
46.336753845214844,302.49066162109375,84.81201171875,384.3669128417969
694.802490234375,313.65814208984375,716.0830688476562,358.7254333496094
417.88800048828125,322.6200866699219,455.17578125,345.6507873535156
349.8294677734375,312.0462341308594,413.1593933105469,360.9367370605469
665.3401489257812,318.62005615234375,688.4376220703125,333.1710205078125
509.72509765625,315.7273864746094,539.2399291992188,344.03875732421875
535.0921630859375,313.32659912109375,601.388671875,375.5039978027344
451.88677978515625,319.2628173828125,489.91802978515625,348.6585998535156
