628.1466674804688,139.41265869140625,960.0,528.2123413085938
104.86100769042969,283.9601135253906,194.64356994628906,348.58758544921875
751.3817749023438,335.6254577636719,887.2236938476562,536.5304565429688
53.9360237121582,317.24658203125,115.76268005371094,434.5152282714844
375.3783874511719,331.58172607421875,460.7548828125,404.4718933105469
576.5791625976562,328.4761962890625,654.34619140625,356.04400634765625
109.96855163574219,326.526123046875,381.7362365722656,527.4864501953125
0.0,287.9081726074219,83.44050598144531,370.69342041015625
858.4865112304688,313.993408203125,960.0,491.37298583984375
486.8153991699219,329.14801025390625,520.388671875,359.33343505859375
537.3836059570312,331.1728515625,603.4239501953125,380.96734619140625
529.955322265625,325.224609375,567.9110717773438,360.06744384765625
0.0,348.6514892578125,178.82980346679688,640.0
0.0,308.60076904296875,59.425411224365234,417.0135498046875
440.3661193847656,323.475341796875,465.6116638183594,343.0194091796875
463.1241760253906,328.5438537597656,507.5984802246094,369.4627380371094
416.90289306640625,333.71148681640625,477.98345947265625,389.5963134765625
317.67852783203125,329.3076171875,432.1063232421875,424.1398620605469
503.54766845703125,323.0374755859375,528.1729736328125,349.0694580078125
