614.5315551757812,315.52886962890625,629.1030883789062,341.2266540527344
607.0430908203125,317.9462890625,619.7022094726562,344.6268310546875
541.4129028320312,320.7130432128906,551.2205200195312,337.0018005371094
587.5728149414062,318.01397705078125,610.8646240234375,356.99468994140625
579.26025390625,313.3547668457031,589.3916015625,334.9900817871094
419.0267028808594,318.00946044921875,444.85626220703125,338.98370361328125
548.05859375,318.71368408203125,613.2074584960938,358.2528076171875
33.97205352783203,311.6539306640625,198.890869140625,413.4217834472656
452.5807800292969,309.36224365234375,491.19366455078125,351.65557861328125
194.84707641601562,320.6802978515625,276.9570007324219,378.1005859375
510.78411865234375,321.3804626464844,534.1498413085938,338.5018310546875
601.3881225585938,328.97955322265625,705.6385498046875,395.26422119140625
145.02108764648438,332.0101318359375,250.00253295898438,390.3863525390625
633.2828979492188,319.7147216796875,783.780029296875,423.29833984375
334.986328125,312.23211669921875,411.67620849609375,369.5540771484375
0.0,281.72406005859375,100.49551391601562,448.3184814453125
272.1277160644531,326.1170959472656,326.9199523925781,361.46636962890625
439.7992858886719,321.00341796875,457.4976806640625,334.7916259765625
241.86058044433594,321.5975341796875,311.4982604980469,368.5755920410156
390.0889892578125,291.84716796875,437.78070068359375,346.986328125
